0 4.60767
1 4.17426
2 3.95895
3 3.80997
4 3.69486
5 3.60062
6 3.5206
7 3.45093
8 3.38913
9 3.33353
10 3.28294
11 3.23648
12 3.19348
13 3.15344
14 3.11594
15 3.08065
16 3.0473
17 3.01568
18 2.98558
19 2.95687
20 2.9294
21 2.90305
22 2.87772
23 2.85334
24 2.82981
25 2.80708
26 2.78508
27 2.76375
28 2.74306
29 2.72295
30 2.70339
31 2.68435
32 2.66579
33 2.64767
34 2.62999
35 2.6127
36 2.5958
37 2.57925
38 2.56305
39 2.54716
40 2.53158
41 2.51629
42 2.50128
43 2.48654
44 2.47204
45 2.45779
46 2.44376
47 2.42996
48 2.41636
49 2.40297
50 2.38977
51 2.37676
52 2.36392
53 2.35126
54 2.33877
55 2.32643
56 2.31424
57 2.30221
58 2.29031
59 2.27856
60 2.26693
61 2.25544
62 2.24407
63 2.23282
64 2.22168
65 2.21066
66 2.19974
67 2.18893
68 2.17823
69 2.16762
70 2.15711
71 2.14669
72 2.13636
73 2.12612
74 2.11597
75 2.1059
76 2.09591
77 2.08599
78 2.07616
79 2.06639
80 2.0567
81 2.04709
82 2.03753
83 2.02805
84 2.01863
85 2.00928
86 1.99998
87 1.99075
88 1.98157
89 1.97246
90 1.96339
91 1.95439
92 1.94543
93 1.93653
94 1.92768
95 1.91888
96 1.91013
97 1.90142
98 1.89276
99 1.88415
100 1.87558
101 1.86706
102 1.85857
103 1.85013
104 1.84173
105 1.83337
106 1.82504
107 1.81676
108 1.80851
109 1.8003
110 1.79213
111 1.78399
112 1.77588
113 1.76781
114 1.75977
115 1.75176
116 1.74379
117 1.73584
118 1.72793
119 1.72004
120 1.71219
121 1.70436
122 1.69656
123 1.68879
124 1.68105
125 1.67333
126 1.66564
127 1.65797
128 1.65033
129 1.64272
130 1.63513
131 1.62756
132 1.62001
133 1.61249
134 1.60499
135 1.59752
136 1.59006
137 1.58263
138 1.57521
139 1.56782
140 1.56045
141 1.5531
142 1.54576
143 1.53845
144 1.53115
145 1.52388
146 1.51662
147 1.50938
148 1.50216
149 1.49495
150 1.48776
151 1.48059
152 1.47344
153 1.4663
154 1.45917
155 1.45207
156 1.44497
157 1.4379
158 1.43084
159 1.42379
160 1.41675
161 1.40974
162 1.40273
163 1.39574
164 1.38876
165 1.3818
166 1.37485
167 1.36791
168 1.36099
169 1.35407
170 1.34717
171 1.34028
172 1.33341
173 1.32654
174 1.31969
175 1.31285
176 1.30602
177 1.2992
178 1.29239
179 1.28559
180 1.27881
181 1.27203
182 1.26526
183 1.25851
184 1.25176
185 1.24502
186 1.2383
187 1.23158
188 1.22487
189 1.21817
190 1.21148
191 1.2048
192 1.19813
193 1.19146
194 1.18481
195 1.17816
196 1.17152
197 1.16489
198 1.15827
199 1.15166
200 1.14505
201 1.13846
202 1.13186
203 1.12528
204 1.11871
205 1.11214
206 1.10558
207 1.09902
208 1.09248
209 1.08594
210 1.0794
211 1.07288
212 1.06636
213 1.05984
214 1.05334
215 1.04683
216 1.04034
217 1.03385
218 1.02737
219 1.02089
220 1.01442
221 1.00796
222 1.0015
223 0.995048
224 0.9886
225 0.982159
226 0.975722
227 0.969291
228 0.962865
229 0.956445
230 0.95003
231 0.943619
232 0.937214
233 0.930814
234 0.924418
235 0.918028
236 0.911642
237 0.905261
238 0.898884
239 0.892512
240 0.886145
241 0.879782
242 0.873423
243 0.867069
244 0.860719
245 0.854373
246 0.848031
247 0.841694
248 0.83536
249 0.829031
250 0.822705
251 0.816383
252 0.810065
253 0.803751
254 0.797441
255 0.791134
256 0.784831
257 0.778531
258 0.772236
259 0.765943
260 0.759654
261 0.753368
262 0.747086
263 0.740807
264 0.734532
265 0.728259
266 0.72199
267 0.715724
268 0.709461
269 0.703201
270 0.696944
271 0.69069
272 0.684439
273 0.678191
274 0.671946
275 0.665703
276 0.659464
277 0.653227
278 0.646993
279 0.640761
280 0.634532
281 0.628306
282 0.622083
283 0.615862
284 0.609643
285 0.603427
286 0.597214
287 0.591003
288 0.584794
289 0.578587
290 0.572383
291 0.566182
292 0.559982
293 0.553785
294 0.54759
295 0.541397
296 0.535207
297 0.529018
298 0.522832
299 0.516648
300 0.510465
301 0.504285
302 0.498107
303 0.491931
304 0.485756
305 0.479584
306 0.473413
307 0.467245
308 0.461078
309 0.454913
310 0.44875
311 0.442589
312 0.436429
313 0.430272
314 0.424115
315 0.417961
316 0.411808
317 0.405657
318 0.399508
319 0.39336
320 0.387214
321 0.381069
322 0.374926
323 0.368785
324 0.362645
325 0.356506
326 0.350369
327 0.344233
328 0.338099
329 0.331966
330 0.325835
331 0.319705
332 0.313577
333 0.307449
334 0.301323
335 0.295199
336 0.289076
337 0.282954
338 0.276833
339 0.270713
340 0.264595
341 0.258478
342 0.252362
343 0.246248
344 0.240134
345 0.234022
346 0.227911
347 0.221801
348 0.215692
349 0.209585
350 0.203478
351 0.197372
352 0.191268
353 0.185165
354 0.179062
355 0.172961
356 0.16686
357 0.160761
358 0.154663
359 0.148565
360 0.142469
361 0.136374
362 0.130279
363 0.124185
364 0.118093
365 0.112001
366 0.10591
367 0.0998203
368 0.0937312
369 0.087643
370 0.0815556
371 0.0754691
372 0.0693834
373 0.0632985
374 0.0572144
375 0.0511312
376 0.0450487
377 0.038967
378 0.0328861
379 0.026806
380 0.0207266
381 0.0146479
382 0.00857002
383 0.00249284
384 -0.00358363
385 -0.00965938
386 -0.0157344
387 -0.0218088
388 -0.0278825
389 -0.0339555
390 -0.0400278
391 -0.0460995
392 -0.0521705
393 -0.0582409
394 -0.0643107
395 -0.0703798
396 -0.0764483
397 -0.0825162
398 -0.0885835
399 -0.0946502
400 -0.100716
401 -0.106782
402 -0.112847
403 -0.118911
404 -0.124975
405 -0.131038
406 -0.137101
407 -0.143163
408 -0.149225
409 -0.155286
410 -0.161346
411 -0.167406
412 -0.173466
413 -0.179525
414 -0.185584
415 -0.191642
416 -0.197699
417 -0.203756
418 -0.209813
419 -0.215869
420 -0.221925
421 -0.22798
422 -0.234035
423 -0.240089
424 -0.246143
425 -0.252197
426 -0.25825
427 -0.264302
428 -0.270355
429 -0.276407
430 -0.282458
431 -0.288509
432 -0.294559
433 -0.30061
434 -0.306659
435 -0.312709
436 -0.318758
437 -0.324807
438 -0.330855
439 -0.336903
440 -0.34295
441 -0.348998
442 -0.355045
443 -0.361091
444 -0.367137
445 -0.373183
446 -0.379229
447 -0.385274
448 -0.391319
449 -0.397363
450 -0.403407
451 -0.409451
452 -0.415495
453 -0.421538
454 -0.427581
455 -0.433624
456 -0.439666
457 -0.445708
458 -0.45175
459 -0.457791
460 -0.463833
461 -0.469873
462 -0.475914
463 -0.481955
464 -0.487995
465 -0.494034
466 -0.500074
467 -0.506113
468 -0.512152
469 -0.518191
470 -0.52423
471 -0.530268
472 -0.536306
473 -0.542344
474 -0.548382
475 -0.554419
476 -0.560456
477 -0.566493
478 -0.57253
479 -0.578566
480 -0.584602
481 -0.590638
482 -0.596674
483 -0.60271
484 -0.608745
485 -0.61478
486 -0.620815
487 -0.62685
488 -0.632884
489 -0.638919
490 -0.644953
491 -0.650987
492 -0.657021
493 -0.663054
494 -0.669088
495 -0.675121
496 -0.681154
497 -0.687187
498 -0.693219
499 -0.699252
500 -0.705284
501 -0.711316
502 -0.717348
503 -0.72338
504 -0.729412
505 -0.735443
506 -0.741474
507 -0.747505
508 -0.753536
509 -0.759567
510 -0.765598
511 -0.771628
512 -0.777659
513 -0.783689
514 -0.789719
515 -0.795749
516 -0.801779
517 -0.807809
518 -0.813838
519 -0.819867
520 -0.825897
521 -0.831926
522 -0.837955
523 -0.843984
524 -0.850012
525 -0.856041
526 -0.862069
527 -0.868098
528 -0.874126
529 -0.880154
530 -0.886182
531 -0.89221
532 -0.898237
533 -0.904265
534 -0.910293
535 -0.91632
536 -0.922347
537 -0.928374
538 -0.934401
539 -0.940428
540 -0.946455
541 -0.952482
542 -0.958509
543 -0.964535
544 -0.970562
545 -0.976588
546 -0.982614
547 -0.98864
548 -0.994666
549 -1.00069
550 -1.00672
551 -1.01274
552 -1.01877
553 -1.02479
554 -1.03082
555 -1.03685
556 -1.04287
557 -1.0489
558 -1.05492
559 -1.06095
560 -1.06697
561 -1.073
562 -1.07902
563 -1.08505
564 -1.09107
565 -1.09709
566 -1.10312
567 -1.10914
568 -1.11517
569 -1.12119
570 -1.12722
571 -1.13324
572 -1.13926
573 -1.14529
574 -1.15131
575 -1.15734
576 -1.16336
577 -1.16938
578 -1.17541
579 -1.18143
580 -1.18745
581 -1.19348
582 -1.1995
583 -1.20552
584 -1.21155
585 -1.21757
586 -1.22359
587 -1.22962
588 -1.23564
589 -1.24166
590 -1.24769
591 -1.25371
592 -1.25973
593 -1.26575
594 -1.27178
595 -1.2778
596 -1.28382
597 -1.28984
598 -1.29587
599 -1.30189
600 -1.30791
601 -1.31393
602 -1.31996
603 -1.32598
604 -1.332
605 -1.33802
606 -1.34404
607 -1.35007
608 -1.35609
609 -1.36211
610 -1.36813
611 -1.37415
612 -1.38017
613 -1.3862
614 -1.39222
615 -1.39824
616 -1.40426
617 -1.41028
618 -1.4163
619 -1.42233
620 -1.42835
621 -1.43437
622 -1.44039
623 -1.44641
624 -1.45243
625 -1.45845
626 -1.46447
627 -1.4705
628 -1.47652
629 -1.48254
630 -1.48856
631 -1.49458
632 -1.5006
633 -1.50662
634 -1.51264
635 -1.51866
636 -1.52468
637 -1.53071
638 -1.53673
639 -1.54275
640 -1.54877
641 -1.55479
642 -1.56081
643 -1.56683
644 -1.57285
645 -1.57887
646 -1.58489
647 -1.59091
648 -1.59693
649 -1.60295
650 -1.60897
651 -1.61499
652 -1.62101
653 -1.62703
654 -1.63305
655 -1.63907
656 -1.64509
657 -1.65111
658 -1.65713
659 -1.66315
660 -1.66917
661 -1.67519
662 -1.68121
663 -1.68723
664 -1.69325
665 -1.69927
666 -1.70529
667 -1.71131
668 -1.71733
669 -1.72335
670 -1.72937
671 -1.73539
672 -1.74141
673 -1.74743
674 -1.75345
675 -1.75947
676 -1.76549
677 -1.77151
678 -1.77753
679 -1.78355
680 -1.78957
681 -1.79559
682 -1.80161
683 -1.80763
684 -1.81365
685 -1.81967
686 -1.82569
687 -1.83171
688 -1.83773
689 -1.84375
690 -1.84977
691 -1.85579
692 -1.86181
693 -1.86783
694 -1.87385
695 -1.87987
696 -1.88588
697 -1.8919
698 -1.89792
699 -1.90394
700 -1.90996
701 -1.91598
702 -1.922
703 -1.92802
704 -1.93404
705 -1.94006
706 -1.94608
707 -1.9521
708 -1.95812
709 -1.96414
710 -1.97015
711 -1.97617
712 -1.98219
713 -1.98821
714 -1.99423
715 -2.00025
716 -2.00627
717 -2.01229
718 -2.01831
719 -2.02433
720 -2.03035
721 -2.03636
722 -2.04238
723 -2.0484
724 -2.05442
725 -2.06044
726 -2.06646
727 -2.07248
728 -2.0785
729 -2.08452
730 -2.09054
731 -2.09655
732 -2.10257
733 -2.10859
734 -2.11461
735 -2.12063
736 -2.12665
737 -2.13267
738 -2.13869
739 -2.14471
740 -2.15072
741 -2.15674
742 -2.16276
743 -2.16878
744 -2.1748
745 -2.18082
746 -2.18684
747 -2.19286
748 -2.19888
749 -2.20489
750 -2.21091
751 -2.21693
752 -2.22295
753 -2.22897
754 -2.23499
755 -2.24101
756 -2.24703
757 -2.25304
758 -2.25906
759 -2.26508
760 -2.2711
761 -2.27712
762 -2.28314
763 -2.28916
764 -2.29517
765 -2.30119
766 -2.30721
767 -2.31323
768 -2.31925
769 -2.32527
770 -2.33129
771 -2.3373
772 -2.34332
773 -2.34934
774 -2.35536
775 -2.36138
776 -2.3674
777 -2.37342
778 -2.37943
779 -2.38545
780 -2.39147
781 -2.39749
782 -2.40351
783 -2.40953
784 -2.41555
785 -2.42156
786 -2.42758
787 -2.4336
788 -2.43962
789 -2.44564
790 -2.45166
791 -2.45768
792 -2.46369
793 -2.46971
794 -2.47573
795 -2.48175
796 -2.48777
797 -2.49379
798 -2.49981
799 -2.50582
800 -2.51184
801 -2.51786
802 -2.52388
803 -2.5299
804 -2.53592
805 -2.54193
806 -2.54795
807 -2.55397
808 -2.55999
809 -2.56601
810 -2.57203
811 -2.57804
812 -2.58406
813 -2.59008
814 -2.5961
815 -2.60212
816 -2.60814
817 -2.61415
818 -2.62017
819 -2.62619
820 -2.63221
821 -2.63823
822 -2.64425
823 -2.65027
824 -2.65628
825 -2.6623
826 -2.66832
827 -2.67434
828 -2.68036
829 -2.68638
830 -2.69239
831 -2.69841
832 -2.70443
833 -2.71045
834 -2.71647
835 -2.72249
836 -2.7285
837 -2.73452
838 -2.74054
839 -2.74656
840 -2.75258
841 -2.75859
842 -2.76461
843 -2.77063
844 -2.77665
845 -2.78267
846 -2.78869
847 -2.7947
848 -2.80072
849 -2.80674
850 -2.81276
851 -2.81878
852 -2.8248
853 -2.83081
854 -2.83683
855 -2.84285
856 -2.84887
857 -2.85489
858 -2.86091
859 -2.86692
860 -2.87294
861 -2.87896
862 -2.88498
863 -2.891
864 -2.89702
865 -2.90303
866 -2.90905
867 -2.91507
868 -2.92109
869 -2.92711
870 -2.93312
871 -2.93914
872 -2.94516
873 -2.95118
874 -2.9572
875 -2.96322
876 -2.96923
877 -2.97525
878 -2.98127
879 -2.98729
880 -2.99331
881 -2.99933
882 -3.00534
883 -3.01136
884 -3.01738
885 -3.0234
886 -3.02942
887 -3.03543
888 -3.04145
889 -3.04747
890 -3.05349
891 -3.05951
892 -3.06553
893 -3.07154
894 -3.07756
895 -3.08358
896 -3.0896
897 -3.09562
898 -3.10163
899 -3.10765
900 -3.11367
901 -3.11969
902 -3.12571
903 -3.13173
904 -3.13774
905 -3.14376
906 -3.14978
907 -3.1558
908 -3.16182
909 -3.16783
910 -3.17385
911 -3.17987
912 -3.18589
913 -3.19191
914 -3.19793
915 -3.20394
916 -3.20996
917 -3.21598
918 -3.222
919 -3.22802
920 -3.23403
921 -3.24005
922 -3.24607
923 -3.25209
924 -3.25811
925 -3.26413
926 -3.27014
927 -3.27616
928 -3.28218
929 -3.2882
930 -3.29422
931 -3.30023
932 -3.30625
933 -3.31227
934 -3.31829
935 -3.32431
936 -3.33032
937 -3.33634
938 -3.34236
939 -3.34838
940 -3.3544
941 -3.36042
942 -3.36643
943 -3.37245
944 -3.37847
945 -3.38449
946 -3.39051
947 -3.39652
948 -3.40254
949 -3.40856
950 -3.41458
951 -3.4206
952 -3.42661
953 -3.43263
954 -3.43865
955 -3.44467
956 -3.45069
957 -3.45671
958 -3.46272
959 -3.46874
960 -3.47476
961 -3.48078
962 -3.4868
963 -3.49281
964 -3.49883
965 -3.50485
966 -3.51087
967 -3.51689
968 -3.5229
969 -3.52892
970 -3.53494
971 -3.54096
972 -3.54698
973 -3.553
974 -3.55901
975 -3.56503
976 -3.57105
977 -3.57707
978 -3.58309
979 -3.5891
980 -3.59512
981 -3.60114
982 -3.60716
983 -3.61318
984 -3.61919
985 -3.62521
986 -3.63123
987 -3.63725
988 -3.64327
989 -3.64929
990 -3.6553
991 -3.66132
992 -3.66734
993 -3.67336
994 -3.67938
995 -3.68539
996 -3.69141
997 -3.69743
998 -3.70345
999 -3.70947
1000 -3.71548
1001 -3.7215
1002 -3.72752
1003 -3.73354
1004 -3.73956
1005 -3.74558
1006 -3.75159
1007 -3.75761
1008 -3.76363
1009 -3.76965
1010 -3.77567
1011 -3.78168
1012 -3.7877
1013 -3.79372
1014 -3.79974
1015 -3.80576
1016 -3.81177
1017 -3.81779
1018 -3.82381
1019 -3.82983
1020 -3.83585
1021 -3.84186
1022 -3.84788
1023 -3.8539
1024 -3.85992
1025 -3.86594
1026 -3.87196
1027 -3.87797
1028 -3.88399
1029 -3.89001
1030 -3.89603
1031 -3.90205
1032 -3.90806
1033 -3.91408
1034 -3.9201
1035 -3.92612
1036 -3.93214
1037 -3.93815
1038 -3.94417
1039 -3.95019
1040 -3.95621
1041 -3.96223
1042 -3.96824
1043 -3.97426
1044 -3.98028
1045 -3.9863
1046 -3.99232
1047 -3.99834
1048 -4.00435
1049 -4.01037
1050 -4.01639
1051 -4.02241
1052 -4.02843
1053 -4.03444
1054 -4.04046
1055 -4.04648
1056 -4.0525
1057 -4.05852
1058 -4.06453
1059 -4.07055
1060 -4.07657
1061 -4.08259
1062 -4.08861
1063 -4.09462
1064 -4.10064
1065 -4.10666
1066 -4.11268
1067 -4.1187
1068 -4.12471
1069 -4.13073
1070 -4.13675
1071 -4.14277
1072 -4.14879
1073 -4.15481
1074 -4.16082
1075 -4.16684
1076 -4.17286
1077 -4.17888
1078 -4.1849
1079 -4.19091
1080 -4.19693
1081 -4.20295
1082 -4.20897
1083 -4.21499
1084 -4.221
1085 -4.22702
1086 -4.23304
1087 -4.23906
1088 -4.24508
1089 -4.25109
1090 -4.25711
1091 -4.26313
1092 -4.26915
1093 -4.27517
1094 -4.28119
1095 -4.2872
1096 -4.29322
1097 -4.29924
1098 -4.30526
1099 -4.31128
1100 -4.31729
1101 -4.32331
1102 -4.32933
1103 -4.33535
1104 -4.34137
1105 -4.34738
1106 -4.3534
1107 -4.35942
1108 -4.36544
1109 -4.37146
1110 -4.37747
1111 -4.38349
1112 -4.38951
1113 -4.39553
1114 -4.40155
1115 -4.40756
1116 -4.41358
1117 -4.4196
1118 -4.42562
1119 -4.43164
1120 -4.43766
1121 -4.44367
1122 -4.44969
1123 -4.45571
1124 -4.46173
1125 -4.46775
1126 -4.47376
1127 -4.47978
1128 -4.4858
1129 -4.49182
1130 -4.49784
1131 -4.50385
1132 -4.50987
1133 -4.51589
1134 -4.52191
1135 -4.52793
1136 -4.53394
1137 -4.53996
1138 -4.54598
1139 -4.552
1140 -4.55802
1141 -4.56403
1142 -4.57005
1143 -4.57607
1144 -4.58209
1145 -4.58811
1146 -4.59413
1147 -4.60014
1148 -4.60616
1149 -4.61218
1150 -4.6182
1151 -4.62422
1152 -4.63023
1153 -4.63625
1154 -4.64227
1155 -4.64829
1156 -4.65431
1157 -4.66032
1158 -4.66634
1159 -4.67236
1160 -4.67838
1161 -4.6844
1162 -4.69041
1163 -4.69643
1164 -4.70245
1165 -4.70847
1166 -4.71449
1167 -4.7205
1168 -4.72652
1169 -4.73254
1170 -4.73856
1171 -4.74458
1172 -4.7506
1173 -4.75661
1174 -4.76263
1175 -4.76865
1176 -4.77467
1177 -4.78069
1178 -4.7867
1179 -4.79272
1180 -4.79874
1181 -4.80476
1182 -4.81078
1183 -4.81679
1184 -4.82281
1185 -4.82883
1186 -4.83485
1187 -4.84087
1188 -4.84688
1189 -4.8529
1190 -4.85892
1191 -4.86494
1192 -4.87096
1193 -4.87697
1194 -4.88299
1195 -4.88901
1196 -4.89503
1197 -4.90105
1198 -4.90707
1199 -4.91308
1200 -4.9191
1201 -4.92512
1202 -4.93114
1203 -4.93716
1204 -4.94317
1205 -4.94919
1206 -4.95521
1207 -4.96123
1208 -4.96725
1209 -4.97326
1210 -4.97928
1211 -4.9853
1212 -4.99132
1213 -4.99734
1214 -5.00335
1215 -5.00937
1216 -5.01539
1217 -5.02141
1218 -5.02743
1219 -5.03344
1220 -5.03946
1221 -5.04548
1222 -5.0515
1223 -5.05752
1224 -5.06354
1225 -5.06955
1226 -5.07557
1227 -5.08159
1228 -5.08761
1229 -5.09363
1230 -5.09964
1231 -5.10566
1232 -5.11168
1233 -5.1177
1234 -5.12372
1235 -5.12973
1236 -5.13575
1237 -5.14177
1238 -5.14779
1239 -5.15381
1240 -5.15982
1241 -5.16584
1242 -5.17186
1243 -5.17788
1244 -5.1839
1245 -5.18991
1246 -5.19593
1247 -5.20195
1248 -5.20797
1249 -5.21399
1250 -5.22001
1251 -5.22602
1252 -5.23204
1253 -5.23806
1254 -5.24408
1255 -5.2501
1256 -5.25611
1257 -5.26213
1258 -5.26815
1259 -5.27417
1260 -5.28019
1261 -5.2862
1262 -5.29222
1263 -5.29824
1264 -5.30426
1265 -5.31028
1266 -5.31629
1267 -5.32231
1268 -5.32833
1269 -5.33435
1270 -5.34037
1271 -5.34638
1272 -5.3524
1273 -5.35842
1274 -5.36444
1275 -5.37046
1276 -5.37648
1277 -5.38249
1278 -5.38851
1279 -5.39453
1280 -5.40055
1281 -5.40657
1282 -5.41258
1283 -5.4186
1284 -5.42462
1285 -5.43064
1286 -5.43666
1287 -5.44267
1288 -5.44869
1289 -5.45471
1290 -5.46073
1291 -5.46675
1292 -5.47276
1293 -5.47878
1294 -5.4848
1295 -5.49082
1296 -5.49684
1297 -5.50285
1298 -5.50887
1299 -5.51489
1300 -5.52091
1301 -5.52693
1302 -5.53295
1303 -5.53896
1304 -5.54498
1305 -5.551
1306 -5.55702
1307 -5.56304
1308 -5.56905
1309 -5.57507
1310 -5.58109
1311 -5.58711
1312 -5.59313
1313 -5.59914
1314 -5.60516
1315 -5.61118
1316 -5.6172
1317 -5.62322
1318 -5.62923
1319 -5.63525
1320 -5.64127
1321 -5.64729
1322 -5.65331
1323 -5.65932
1324 -5.66534
1325 -5.67136
1326 -5.67738
1327 -5.6834
1328 -5.68941
1329 -5.69543
1330 -5.70145
1331 -5.70747
1332 -5.71349
1333 -5.71951
1334 -5.72552
1335 -5.73154
1336 -5.73756
1337 -5.74358
1338 -5.7496
1339 -5.75561
1340 -5.76163
1341 -5.76765
1342 -5.77367
1343 -5.77969
1344 -5.7857
1345 -5.79172
1346 -5.79774
1347 -5.80376
1348 -5.80978
1349 -5.81579
1350 -5.82181
1351 -5.82783
1352 -5.83385
1353 -5.83987
1354 -5.84588
1355 -5.8519
1356 -5.85792
1357 -5.86394
1358 -5.86996
1359 -5.87598
1360 -5.88199
1361 -5.88801
1362 -5.89403
1363 -5.90005
1364 -5.90607
1365 -5.91208
1366 -5.9181
1367 -5.92412
1368 -5.93014
1369 -5.93616
1370 -5.94217
1371 -5.94819
1372 -5.95421
1373 -5.96023
1374 -5.96625
1375 -5.97226
1376 -5.97828
1377 -5.9843
1378 -5.99032
1379 -5.99634
1380 -6.00235
1381 -6.00837
1382 -6.01439
1383 -6.02041
1384 -6.02643
1385 -6.03245
1386 -6.03846
1387 -6.04448
1388 -6.0505
1389 -6.05652
1390 -6.06254
1391 -6.06855
1392 -6.07457
1393 -6.08059
1394 -6.08661
1395 -6.09263
1396 -6.09864
1397 -6.10466
1398 -6.11068
1399 -6.1167
1400 -6.12272
1401 -6.12873
1402 -6.13475
1403 -6.14077
1404 -6.14679
1405 -6.15281
1406 -6.15882
1407 -6.16484
1408 -6.17086
1409 -6.17688
1410 -6.1829
1411 -6.18891
1412 -6.19493
1413 -6.20095
1414 -6.20697
1415 -6.21299
1416 -6.21901
1417 -6.22502
1418 -6.23104
1419 -6.23706
1420 -6.24308
1421 -6.2491
1422 -6.25511
1423 -6.26113
1424 -6.26715
1425 -6.27317
1426 -6.27919
1427 -6.2852
1428 -6.29122
1429 -6.29724
1430 -6.30326
1431 -6.30928
1432 -6.31529
1433 -6.32131
1434 -6.32733
1435 -6.33335
1436 -6.33937
1437 -6.34538
1438 -6.3514
1439 -6.35742
1440 -6.36344
1441 -6.36946
1442 -6.37548
1443 -6.38149
1444 -6.38751
1445 -6.39353
1446 -6.39955
1447 -6.40557
1448 -6.41158
1449 -6.4176
1450 -6.42362
1451 -6.42964
1452 -6.43566
1453 -6.44167
1454 -6.44769
1455 -6.45371
1456 -6.45973
1457 -6.46575
1458 -6.47176
1459 -6.47778
1460 -6.4838
1461 -6.48982
1462 -6.49584
1463 -6.50185
1464 -6.50787
1465 -6.51389
1466 -6.51991
1467 -6.52593
1468 -6.53195
1469 -6.53796
1470 -6.54398
1471 -6.55
1472 -6.55602
1473 -6.56204
1474 -6.56805
1475 -6.57407
1476 -6.58009
1477 -6.58611
1478 -6.59213
1479 -6.59814
1480 -6.60416
1481 -6.61018
1482 -6.6162
1483 -6.62222
1484 -6.62823
1485 -6.63425
1486 -6.64027
1487 -6.64629
1488 -6.65231
1489 -6.65832
1490 -6.66434
1491 -6.67036
1492 -6.67638
1493 -6.6824
1494 -6.68841
1495 -6.69443
1496 -6.70045
1497 -6.70647
1498 -6.71249
1499 -6.71851
1500 -6.72452
1501 -6.73054
1502 -6.73656
1503 -6.74258
1504 -6.7486
1505 -6.75461
1506 -6.76063
1507 -6.76665
1508 -6.77267
1509 -6.77869
1510 -6.7847
1511 -6.79072
1512 -6.79674
1513 -6.80276
1514 -6.80878
1515 -6.81479
1516 -6.82081
1517 -6.82683
1518 -6.83285
1519 -6.83887
1520 -6.84488
1521 -6.8509
1522 -6.85692
1523 -6.86294
1524 -6.86896
1525 -6.87498
1526 -6.88099
1527 -6.88701
1528 -6.89303
1529 -6.89905
1530 -6.90507
1531 -6.91108
1532 -6.9171
1533 -6.92312
1534 -6.92914
1535 -6.93516
1536 -6.94117
1537 -6.94719
1538 -6.95321
1539 -6.95923
1540 -6.96525
1541 -6.97126
1542 -6.97728
1543 -6.9833
1544 -6.98932
1545 -6.99534
1546 -7.00135
1547 -7.00737
1548 -7.01339
1549 -7.01941
1550 -7.02543
1551 -7.03145
1552 -7.03746
1553 -7.04348
1554 -7.0495
1555 -7.05552
1556 -7.06154
1557 -7.06755
1558 -7.07357
1559 -7.07959
1560 -7.08561
1561 -7.09163
1562 -7.09764
1563 -7.10366
1564 -7.10968
1565 -7.1157
1566 -7.12172
1567 -7.12773
1568 -7.13375
1569 -7.13977
1570 -7.14579
1571 -7.15181
1572 -7.15782
1573 -7.16384
1574 -7.16986
1575 -7.17588
1576 -7.1819
1577 -7.18791
1578 -7.19393
1579 -7.19995
1580 -7.20597
1581 -7.21199
1582 -7.21801
1583 -7.22402
1584 -7.23004
1585 -7.23606
1586 -7.24208
1587 -7.2481
1588 -7.25411
1589 -7.26013
1590 -7.26615
1591 -7.27217
1592 -7.27819
1593 -7.2842
1594 -7.29022
1595 -7.29624
1596 -7.30226
1597 -7.30828
1598 -7.31429
1599 -7.32031
1600 -7.32633
1601 -7.33235
1602 -7.33837
1603 -7.34438
1604 -7.3504
1605 -7.35642
1606 -7.36244
1607 -7.36846
1608 -7.37448
1609 -7.38049
1610 -7.38651
1611 -7.39253
1612 -7.39855
1613 -7.40457
1614 -7.41058
1615 -7.4166
1616 -7.42262
1617 -7.42864
1618 -7.43466
1619 -7.44067
1620 -7.44669
1621 -7.45271
1622 -7.45873
1623 -7.46475
1624 -7.47076
1625 -7.47678
1626 -7.4828
1627 -7.48882
1628 -7.49484
1629 -7.50085
1630 -7.50687
1631 -7.51289
1632 -7.51891
1633 -7.52493
1634 -7.53095
1635 -7.53696
1636 -7.54298
1637 -7.549
1638 -7.55502
1639 -7.56104
1640 -7.56705
1641 -7.57307
1642 -7.57909
1643 -7.58511
1644 -7.59113
1645 -7.59714
1646 -7.60316
1647 -7.60918
1648 -7.6152
1649 -7.62122
1650 -7.62723
1651 -7.63325
1652 -7.63927
1653 -7.64529
1654 -7.65131
1655 -7.65732
1656 -7.66334
1657 -7.66936
1658 -7.67538
1659 -7.6814
1660 -7.68741
1661 -7.69343
1662 -7.69945
1663 -7.70547
1664 -7.71149
1665 -7.71751
1666 -7.72352
1667 -7.72954
1668 -7.73556
1669 -7.74158
1670 -7.7476
1671 -7.75361
1672 -7.75963
1673 -7.76565
1674 -7.77167
1675 -7.77769
1676 -7.7837
1677 -7.78972
1678 -7.79574
1679 -7.80176
1680 -7.80778
1681 -7.81379
1682 -7.81981
1683 -7.82583
1684 -7.83185
1685 -7.83787
1686 -7.84388
1687 -7.8499
1688 -7.85592
1689 -7.86194
1690 -7.86796
1691 -7.87398
1692 -7.87999
1693 -7.88601
1694 -7.89203
1695 -7.89805
1696 -7.90407
1697 -7.91008
1698 -7.9161
1699 -7.92212
1700 -7.92814
1701 -7.93416
1702 -7.94017
1703 -7.94619
1704 -7.95221
1705 -7.95823
1706 -7.96425
1707 -7.97026
1708 -7.97628
1709 -7.9823
1710 -7.98832
1711 -7.99434
1712 -8.00035
1713 -8.00637
1714 -8.01239
1715 -8.01841
1716 -8.02443
1717 -8.03045
1718 -8.03646
1719 -8.04248
1720 -8.0485
1721 -8.05452
1722 -8.06054
1723 -8.06655
1724 -8.07257
1725 -8.07859
1726 -8.08461
1727 -8.09063
1728 -8.09664
1729 -8.10266
1730 -8.10868
1731 -8.1147
1732 -8.12072
1733 -8.12673
1734 -8.13275
1735 -8.13877
1736 -8.14479
1737 -8.15081
1738 -8.15682
1739 -8.16284
1740 -8.16886
1741 -8.17488
1742 -8.1809
1743 -8.18691
1744 -8.19293
1745 -8.19895
1746 -8.20497
1747 -8.21099
1748 -8.21701
1749 -8.22302
1750 -8.22904
1751 -8.23506
1752 -8.24108
1753 -8.2471
1754 -8.25311
1755 -8.25913
1756 -8.26515
1757 -8.27117
1758 -8.27719
1759 -8.2832
1760 -8.28922
1761 -8.29524
1762 -8.30126
1763 -8.30728
1764 -8.31329
1765 -8.31931
1766 -8.32533
1767 -8.33135
1768 -8.33737
1769 -8.34338
1770 -8.3494
1771 -8.35542
1772 -8.36144
1773 -8.36746
1774 -8.37348
1775 -8.37949
1776 -8.38551
1777 -8.39153
1778 -8.39755
1779 -8.40357
1780 -8.40958
1781 -8.4156
1782 -8.42162
1783 -8.42764
1784 -8.43366
1785 -8.43967
1786 -8.44569
1787 -8.45171
1788 -8.45773
1789 -8.46375
1790 -8.46976
1791 -8.47578
1792 -8.4818
1793 -8.48782
1794 -8.49384
1795 -8.49985
1796 -8.50587
1797 -8.51189
1798 -8.51791
1799 -8.52393
1800 -8.52995
1801 -8.53596
1802 -8.54198
1803 -8.548
1804 -8.55402
1805 -8.56004
1806 -8.56605
1807 -8.57207
1808 -8.57809
1809 -8.58411
1810 -8.59013
1811 -8.59614
1812 -8.60216
1813 -8.60818
1814 -8.6142
1815 -8.62022
1816 -8.62623
1817 -8.63225
1818 -8.63827
1819 -8.64429
1820 -8.65031
1821 -8.65632
1822 -8.66234
1823 -8.66836
1824 -8.67438
1825 -8.6804
1826 -8.68641
1827 -8.69243
1828 -8.69845
1829 -8.70447
1830 -8.71049
1831 -8.71651
1832 -8.72252
1833 -8.72854
1834 -8.73456
1835 -8.74058
1836 -8.7466
1837 -8.75261
1838 -8.75863
1839 -8.76465
1840 -8.77067
1841 -8.77669
1842 -8.7827
1843 -8.78872
1844 -8.79474
1845 -8.80076
1846 -8.80678
1847 -8.81279
1848 -8.81881
1849 -8.82483
1850 -8.83085
1851 -8.83687
1852 -8.84288
1853 -8.8489
1854 -8.85492
1855 -8.86094
1856 -8.86696
1857 -8.87298
1858 -8.87899
1859 -8.88501
1860 -8.89103
1861 -8.89705
1862 -8.90307
1863 -8.90908
1864 -8.9151
1865 -8.92112
1866 -8.92714
1867 -8.93316
1868 -8.93917
1869 -8.94519
1870 -8.95121
1871 -8.95723
1872 -8.96325
1873 -8.96926
1874 -8.97528
1875 -8.9813
1876 -8.98732
1877 -8.99334
1878 -8.99935
1879 -9.00537
1880 -9.01139
1881 -9.01741
1882 -9.02343
1883 -9.02945
1884 -9.03546
1885 -9.04148
1886 -9.0475
1887 -9.05352
1888 -9.05954
1889 -9.06555
1890 -9.07157
1891 -9.07759
1892 -9.08361
1893 -9.08963
1894 -9.09564
1895 -9.10166
1896 -9.10768
1897 -9.1137
1898 -9.11972
1899 -9.12573
1900 -9.13175
1901 -9.13777
1902 -9.14379
1903 -9.14981
1904 -9.15582
1905 -9.16184
1906 -9.16786
1907 -9.17388
1908 -9.1799
1909 -9.18591
1910 -9.19193
1911 -9.19795
1912 -9.20397
1913 -9.20999
1914 -9.21601
1915 -9.22202
1916 -9.22804
1917 -9.23406
1918 -9.24008
1919 -9.2461
1920 -9.25211
1921 -9.25813
1922 -9.26415
1923 -9.27017
1924 -9.27619
1925 -9.2822
1926 -9.28822
1927 -9.29424
1928 -9.30026
1929 -9.30628
1930 -9.31229
1931 -9.31831
1932 -9.32433
1933 -9.33035
1934 -9.33637
1935 -9.34238
1936 -9.3484
1937 -9.35442
1938 -9.36044
1939 -9.36646
1940 -9.37248
1941 -9.37849
1942 -9.38451
1943 -9.39053
1944 -9.39655
1945 -9.40257
1946 -9.40858
1947 -9.4146
1948 -9.42062
1949 -9.42664
1950 -9.43266
1951 -9.43867
1952 -9.44469
1953 -9.45071
1954 -9.45673
1955 -9.46275
1956 -9.46876
1957 -9.47478
1958 -9.4808
1959 -9.48682
1960 -9.49284
1961 -9.49885
1962 -9.50487
1963 -9.51089
1964 -9.51691
1965 -9.52293
1966 -9.52895
1967 -9.53496
1968 -9.54098
1969 -9.547
1970 -9.55302
1971 -9.55904
1972 -9.56505
1973 -9.57107
1974 -9.57709
1975 -9.58311
1976 -9.58913
1977 -9.59514
1978 -9.60116
1979 -9.60718
1980 -9.6132
1981 -9.61922
1982 -9.62523
1983 -9.63125
1984 -9.63727
1985 -9.64329
1986 -9.64931
1987 -9.65532
1988 -9.66134
1989 -9.66736
1990 -9.67338
1991 -9.6794
1992 -9.68541
1993 -9.69143
1994 -9.69745
1995 -9.70347
1996 -9.70949
1997 -9.71551
1998 -9.72152
1999 -9.72754
2000 -9.73356
2001 -9.73958
2002 -9.7456
2003 -9.75161
2004 -9.75763
2005 -9.76365
2006 -9.76967
2007 -9.77569
2008 -9.7817
2009 -9.78772
2010 -9.79374
2011 -9.79976
2012 -9.80578
2013 -9.81179
2014 -9.81781
2015 -9.82383
2016 -9.82985
2017 -9.83587
2018 -9.84188
2019 -9.8479
2020 -9.85392
2021 -9.85994
2022 -9.86596
2023 -9.87198
2024 -9.87799
2025 -9.88401
2026 -9.89003
2027 -9.89605
2028 -9.90207
2029 -9.90808
2030 -9.9141
2031 -9.92012
2032 -9.92614
2033 -9.93216
2034 -9.93817
2035 -9.94419
2036 -9.95021
2037 -9.95623
2038 -9.96225
2039 -9.96826
2040 -9.97428
2041 -9.9803
2042 -9.98632
2043 -9.99234
2044 -9.99835
2045 -10.0044
2046 -10.0104
2047 -10.0164
2048 -10.0224
2049 -10.0284
2050 -10.0345
2051 -10.0405
2052 -10.0465
2053 -10.0525
2054 -10.0585
2055 -10.0646
2056 -10.0706
2057 -10.0766
2058 -10.0826
2059 -10.0886
2060 -10.0946
2061 -10.1007
2062 -10.1067
2063 -10.1127
2064 -10.1187
2065 -10.1247
2066 -10.1308
2067 -10.1368
2068 -10.1428
2069 -10.1488
2070 -10.1548
2071 -10.1608
2072 -10.1669
2073 -10.1729
2074 -10.1789
2075 -10.1849
2076 -10.1909
2077 -10.197
2078 -10.203
2079 -10.209
2080 -10.215
2081 -10.221
2082 -10.227
2083 -10.2331
2084 -10.2391
2085 -10.2451
2086 -10.2511
2087 -10.2571
2088 -10.2631
2089 -10.2692
2090 -10.2752
2091 -10.2812
2092 -10.2872
2093 -10.2932
2094 -10.2993
2095 -10.3053
2096 -10.3113
2097 -10.3173
2098 -10.3233
2099 -10.3293
2100 -10.3354
2101 -10.3414
2102 -10.3474
2103 -10.3534
2104 -10.3594
2105 -10.3655
2106 -10.3715
2107 -10.3775
2108 -10.3835
2109 -10.3895
2110 -10.3955
2111 -10.4016
2112 -10.4076
2113 -10.4136
2114 -10.4196
2115 -10.4256
2116 -10.4317
2117 -10.4377
2118 -10.4437
2119 -10.4497
2120 -10.4557
2121 -10.4617
2122 -10.4678
2123 -10.4738
2124 -10.4798
2125 -10.4858
2126 -10.4918
2127 -10.4979
2128 -10.5039
2129 -10.5099
2130 -10.5159
2131 -10.5219
2132 -10.5279
2133 -10.534
2134 -10.54
2135 -10.546
2136 -10.552
2137 -10.558
2138 -10.5641
2139 -10.5701
2140 -10.5761
2141 -10.5821
2142 -10.5881
2143 -10.5941
2144 -10.6002
2145 -10.6062
2146 -10.6122
2147 -10.6182
2148 -10.6242
2149 -10.6303
2150 -10.6363
2151 -10.6423
2152 -10.6483
2153 -10.6543
2154 -10.6603
2155 -10.6664
2156 -10.6724
2157 -10.6784
2158 -10.6844
2159 -10.6904
2160 -10.6965
2161 -10.7025
2162 -10.7085
2163 -10.7145
2164 -10.7205
2165 -10.7265
2166 -10.7326
2167 -10.7386
2168 -10.7446
2169 -10.7506
2170 -10.7566
2171 -10.7626
2172 -10.7687
2173 -10.7747
2174 -10.7807
2175 -10.7867
2176 -10.7927
2177 -10.7988
2178 -10.8048
2179 -10.8108
2180 -10.8168
2181 -10.8228
2182 -10.8288
2183 -10.8349
2184 -10.8409
2185 -10.8469
2186 -10.8529
2187 -10.8589
2188 -10.865
2189 -10.871
2190 -10.877
2191 -10.883
2192 -10.889
2193 -10.895
2194 -10.9011
2195 -10.9071
2196 -10.9131
2197 -10.9191
2198 -10.9251
2199 -10.9312
2200 -10.9372
2201 -10.9432
2202 -10.9492
2203 -10.9552
2204 -10.9612
2205 -10.9673
2206 -10.9733
2207 -10.9793
2208 -10.9853
2209 -10.9913
2210 -10.9974
2211 -11.0034
2212 -11.0094
2213 -11.0154
2214 -11.0214
2215 -11.0274
2216 -11.0335
2217 -11.0395
2218 -11.0455
2219 -11.0515
2220 -11.0575
2221 -11.0636
2222 -11.0696
2223 -11.0756
2224 -11.0816
2225 -11.0876
2226 -11.0936
2227 -11.0997
2228 -11.1057
2229 -11.1117
2230 -11.1177
2231 -11.1237
2232 -11.1298
2233 -11.1358
2234 -11.1418
2235 -11.1478
2236 -11.1538
2237 -11.1598
2238 -11.1659
2239 -11.1719
2240 -11.1779
2241 -11.1839
2242 -11.1899
2243 -11.196
2244 -11.202
2245 -11.208
2246 -11.214
2247 -11.22
2248 -11.226
2249 -11.2321
2250 -11.2381
2251 -11.2441
2252 -11.2501
2253 -11.2561
2254 -11.2621
2255 -11.2682
2256 -11.2742
2257 -11.2802
2258 -11.2862
2259 -11.2922
2260 -11.2983
2261 -11.3043
2262 -11.3103
2263 -11.3163
2264 -11.3223
2265 -11.3283
2266 -11.3344
2267 -11.3404
2268 -11.3464
2269 -11.3524
2270 -11.3584
2271 -11.3645
2272 -11.3705
2273 -11.3765
2274 -11.3825
2275 -11.3885
2276 -11.3945
2277 -11.4006
2278 -11.4066
2279 -11.4126
2280 -11.4186
2281 -11.4246
2282 -11.4307
2283 -11.4367
2284 -11.4427
2285 -11.4487
2286 -11.4547
2287 -11.4607
2288 -11.4668
2289 -11.4728
2290 -11.4788
2291 -11.4848
2292 -11.4908
2293 -11.4969
2294 -11.5029
2295 -11.5089
2296 -11.5149
2297 -11.5209
2298 -11.5269
2299 -11.533
2300 -11.539
2301 -11.545
2302 -11.551
2303 -11.557
2304 -11.5631
2305 -11.5691
2306 -11.5751
2307 -11.5811
2308 -11.5871
2309 -11.5931
2310 -11.5992
2311 -11.6052
2312 -11.6112
2313 -11.6172
2314 -11.6232
2315 -11.6293
2316 -11.6353
2317 -11.6413
2318 -11.6473
2319 -11.6533
2320 -11.6593
2321 -11.6654
2322 -11.6714
2323 -11.6774
2324 -11.6834
2325 -11.6894
2326 -11.6955
2327 -11.7015
2328 -11.7075
2329 -11.7135
2330 -11.7195
2331 -11.7255
2332 -11.7316
2333 -11.7376
2334 -11.7436
2335 -11.7496
2336 -11.7556
2337 -11.7616
2338 -11.7677
2339 -11.7737
2340 -11.7797
2341 -11.7857
2342 -11.7917
2343 -11.7978
2344 -11.8038
2345 -11.8098
2346 -11.8158
2347 -11.8218
2348 -11.8278
2349 -11.8339
2350 -11.8399
2351 -11.8459
2352 -11.8519
2353 -11.8579
2354 -11.864
2355 -11.87
2356 -11.876
2357 -11.882
2358 -11.888
2359 -11.894
2360 -11.9001
2361 -11.9061
2362 -11.9121
2363 -11.9181
2364 -11.9241
2365 -11.9302
2366 -11.9362
2367 -11.9422
2368 -11.9482
2369 -11.9542
2370 -11.9602
2371 -11.9663
2372 -11.9723
2373 -11.9783
2374 -11.9843
2375 -11.9903
2376 -11.9964
2377 -12.0024
2378 -12.0084
2379 -12.0144
2380 -12.0204
2381 -12.0264
2382 -12.0325
2383 -12.0385
2384 -12.0445
2385 -12.0505
2386 -12.0565
2387 -12.0626
2388 -12.0686
2389 -12.0746
2390 -12.0806
2391 -12.0866
2392 -12.0926
2393 -12.0987
2394 -12.1047
2395 -12.1107
2396 -12.1167
2397 -12.1227
2398 -12.1288
2399 -12.1348
2400 -12.1408
2401 -12.1468
2402 -12.1528
2403 -12.1588
2404 -12.1649
2405 -12.1709
2406 -12.1769
2407 -12.1829
2408 -12.1889
2409 -12.195
2410 -12.201
2411 -12.207
2412 -12.213
2413 -12.219
2414 -12.225
2415 -12.2311
2416 -12.2371
2417 -12.2431
2418 -12.2491
2419 -12.2551
2420 -12.2611
2421 -12.2672
2422 -12.2732
2423 -12.2792
2424 -12.2852
2425 -12.2912
2426 -12.2973
2427 -12.3033
2428 -12.3093
2429 -12.3153
2430 -12.3213
2431 -12.3273
2432 -12.3334
2433 -12.3394
2434 -12.3454
2435 -12.3514
2436 -12.3574
2437 -12.3635
2438 -12.3695
2439 -12.3755
2440 -12.3815
2441 -12.3875
2442 -12.3935
2443 -12.3996
2444 -12.4056
2445 -12.4116
2446 -12.4176
2447 -12.4236
2448 -12.4297
2449 -12.4357
2450 -12.4417
2451 -12.4477
2452 -12.4537
2453 -12.4597
2454 -12.4658
2455 -12.4718
2456 -12.4778
2457 -12.4838
2458 -12.4898
2459 -12.4959
2460 -12.5019
2461 -12.5079
2462 -12.5139
2463 -12.5199
2464 -12.5259
2465 -12.532
2466 -12.538
2467 -12.544
2468 -12.55
2469 -12.556
2470 -12.5621
2471 -12.5681
2472 -12.5741
2473 -12.5801
2474 -12.5861
2475 -12.5921
2476 -12.5982
2477 -12.6042
2478 -12.6102
2479 -12.6162
2480 -12.6222
2481 -12.6283
2482 -12.6343
2483 -12.6403
2484 -12.6463
2485 -12.6523
2486 -12.6583
2487 -12.6644
2488 -12.6704
2489 -12.6764
2490 -12.6824
2491 -12.6884
2492 -12.6945
2493 -12.7005
2494 -12.7065
2495 -12.7125
2496 -12.7185
2497 -12.7245
2498 -12.7306
2499 -12.7366
2500 -12.7426
2501 -12.7486
2502 -12.7546
2503 -12.7606
2504 -12.7667
2505 -12.7727
2506 -12.7787
2507 -12.7847
2508 -12.7907
2509 -12.7968
2510 -12.8028
2511 -12.8088
2512 -12.8148
2513 -12.8208
2514 -12.8268
2515 -12.8329
2516 -12.8389
2517 -12.8449
2518 -12.8509
2519 -12.8569
2520 -12.863
2521 -12.869
2522 -12.875
2523 -12.881
2524 -12.887
2525 -12.893
2526 -12.8991
2527 -12.9051
2528 -12.9111
2529 -12.9171
2530 -12.9231
2531 -12.9292
2532 -12.9352
2533 -12.9412
2534 -12.9472
2535 -12.9532
2536 -12.9592
2537 -12.9653
2538 -12.9713
2539 -12.9773
2540 -12.9833
2541 -12.9893
2542 -12.9954
2543 -13.0014
2544 -13.0074
2545 -13.0134
2546 -13.0194
2547 -13.0254
2548 -13.0315
2549 -13.0375
2550 -13.0435
2551 -13.0495
2552 -13.0555
2553 -13.0616
2554 -13.0676
2555 -13.0736
2556 -13.0796
2557 -13.0856
2558 -13.0916
2559 -13.0977
2560 -13.1037
2561 -13.1097
2562 -13.1157
2563 -13.1217
2564 -13.1278
2565 -13.1338
2566 -13.1398
2567 -13.1458
2568 -13.1518
2569 -13.1578
2570 -13.1639
2571 -13.1699
2572 -13.1759
2573 -13.1819
2574 -13.1879
2575 -13.194
2576 -13.2
2577 -13.206
2578 -13.212
2579 -13.218
2580 -13.224
2581 -13.2301
2582 -13.2361
2583 -13.2421
2584 -13.2481
2585 -13.2541
2586 -13.2601
2587 -13.2662
2588 -13.2722
2589 -13.2782
2590 -13.2842
2591 -13.2902
2592 -13.2963
2593 -13.3023
2594 -13.3083
2595 -13.3143
2596 -13.3203
2597 -13.3263
2598 -13.3324
2599 -13.3384
2600 -13.3444
2601 -13.3504
2602 -13.3564
2603 -13.3625
2604 -13.3685
2605 -13.3745
2606 -13.3805
2607 -13.3865
2608 -13.3925
2609 -13.3986
2610 -13.4046
2611 -13.4106
2612 -13.4166
2613 -13.4226
2614 -13.4287
2615 -13.4347
2616 -13.4407
2617 -13.4467
2618 -13.4527
2619 -13.4587
2620 -13.4648
2621 -13.4708
2622 -13.4768
2623 -13.4828
2624 -13.4888
2625 -13.4949
2626 -13.5009
2627 -13.5069
2628 -13.5129
2629 -13.5189
2630 -13.5249
2631 -13.531
2632 -13.537
2633 -13.543
2634 -13.549
2635 -13.555
2636 -13.5611
2637 -13.5671
2638 -13.5731
2639 -13.5791
2640 -13.5851
2641 -13.5911
2642 -13.5972
2643 -13.6032
2644 -13.6092
2645 -13.6152
2646 -13.6212
2647 -13.6273
2648 -13.6333
2649 -13.6393
2650 -13.6453
2651 -13.6513
2652 -13.6573
2653 -13.6634
2654 -13.6694
2655 -13.6754
2656 -13.6814
2657 -13.6874
2658 -13.6935
2659 -13.6995
2660 -13.7055
2661 -13.7115
2662 -13.7175
2663 -13.7235
2664 -13.7296
2665 -13.7356
2666 -13.7416
2667 -13.7476
2668 -13.7536
2669 -13.7596
2670 -13.7657
2671 -13.7717
2672 -13.7777
2673 -13.7837
2674 -13.7897
2675 -13.7958
2676 -13.8018
2677 -13.8078
2678 -13.8138
2679 -13.8198
2680 -13.8258
2681 -13.8319
2682 -13.8379
2683 -13.8439
2684 -13.8499
2685 -13.8559
2686 -13.862
2687 -13.868
2688 -13.874
2689 -13.88
2690 -13.886
2691 -13.892
2692 -13.8981
2693 -13.9041
2694 -13.9101
2695 -13.9161
2696 -13.9221
2697 -13.9282
2698 -13.9342
2699 -13.9402
2700 -13.9462
2701 -13.9522
2702 -13.9582
2703 -13.9643
2704 -13.9703
2705 -13.9763
2706 -13.9823
2707 -13.9883
2708 -13.9944
2709 -14.0004
2710 -14.0064
2711 -14.0124
2712 -14.0184
2713 -14.0244
2714 -14.0305
2715 -14.0365
2716 -14.0425
2717 -14.0485
2718 -14.0545
2719 -14.0606
2720 -14.0666
2721 -14.0726
2722 -14.0786
2723 -14.0846
2724 -14.0906
2725 -14.0967
2726 -14.1027
2727 -14.1087
2728 -14.1147
2729 -14.1207
2730 -14.1268
2731 -14.1328
2732 -14.1388
2733 -14.1448
2734 -14.1508
2735 -14.1568
2736 -14.1629
2737 -14.1689
2738 -14.1749
2739 -14.1809
2740 -14.1869
2741 -14.193
2742 -14.199
2743 -14.205
2744 -14.211
2745 -14.217
2746 -14.223
2747 -14.2291
2748 -14.2351
2749 -14.2411
2750 -14.2471
2751 -14.2531
2752 -14.2591
2753 -14.2652
2754 -14.2712
2755 -14.2772
2756 -14.2832
2757 -14.2892
2758 -14.2953
2759 -14.3013
2760 -14.3073
2761 -14.3133
2762 -14.3193
2763 -14.3253
2764 -14.3314
2765 -14.3374
2766 -14.3434
2767 -14.3494
2768 -14.3554
2769 -14.3615
2770 -14.3675
2771 -14.3735
2772 -14.3795
2773 -14.3855
2774 -14.3915
2775 -14.3976
2776 -14.4036
2777 -14.4096
2778 -14.4156
2779 -14.4216
2780 -14.4277
2781 -14.4337
2782 -14.4397
2783 -14.4457
2784 -14.4517
2785 -14.4577
2786 -14.4638
2787 -14.4698
2788 -14.4758
2789 -14.4818
2790 -14.4878
2791 -14.4939
2792 -14.4999
2793 -14.5059
2794 -14.5119
2795 -14.5179
2796 -14.5239
2797 -14.53
2798 -14.536
2799 -14.542
2800 -14.548
2801 -14.554
2802 -14.5601
2803 -14.5661
2804 -14.5721
2805 -14.5781
2806 -14.5841
2807 -14.5901
2808 -14.5962
2809 -14.6022
2810 -14.6082
2811 -14.6142
2812 -14.6202
2813 -14.6263
2814 -14.6323
2815 -14.6383
2816 -14.6443
2817 -14.6503
2818 -14.6563
2819 -14.6624
2820 -14.6684
2821 -14.6744
2822 -14.6804
2823 -14.6864
2824 -14.6925
2825 -14.6985
2826 -14.7045
2827 -14.7105
2828 -14.7165
2829 -14.7225
2830 -14.7286
2831 -14.7346
2832 -14.7406
2833 -14.7466
2834 -14.7526
2835 -14.7586
2836 -14.7647
2837 -14.7707
2838 -14.7767
2839 -14.7827
2840 -14.7887
2841 -14.7948
2842 -14.8008
2843 -14.8068
2844 -14.8128
2845 -14.8188
2846 -14.8248
2847 -14.8309
2848 -14.8369
2849 -14.8429
2850 -14.8489
2851 -14.8549
2852 -14.861
2853 -14.867
2854 -14.873
2855 -14.879
2856 -14.885
2857 -14.891
2858 -14.8971
2859 -14.9031
2860 -14.9091
2861 -14.9151
2862 -14.9211
2863 -14.9272
2864 -14.9332
2865 -14.9392
2866 -14.9452
2867 -14.9512
2868 -14.9572
2869 -14.9633
2870 -14.9693
2871 -14.9753
2872 -14.9813
2873 -14.9873
2874 -14.9934
2875 -14.9994
2876 -15.0054
2877 -15.0114
2878 -15.0174
2879 -15.0234
2880 -15.0295
2881 -15.0355
2882 -15.0415
2883 -15.0475
2884 -15.0535
2885 -15.0596
2886 -15.0656
2887 -15.0716
2888 -15.0776
2889 -15.0836
2890 -15.0896
2891 -15.0957
2892 -15.1017
2893 -15.1077
2894 -15.1137
2895 -15.1197
2896 -15.1258
2897 -15.1318
2898 -15.1378
2899 -15.1438
2900 -15.1498
2901 -15.1558
2902 -15.1619
2903 -15.1679
2904 -15.1739
2905 -15.1799
2906 -15.1859
2907 -15.192
2908 -15.198
2909 -15.204
2910 -15.21
2911 -15.216
2912 -15.222
2913 -15.2281
2914 -15.2341
2915 -15.2401
2916 -15.2461
2917 -15.2521
2918 -15.2581
2919 -15.2642
2920 -15.2702
2921 -15.2762
2922 -15.2822
2923 -15.2882
2924 -15.2943
2925 -15.3003
2926 -15.3063
2927 -15.3123
2928 -15.3183
2929 -15.3243
2930 -15.3304
2931 -15.3364
2932 -15.3424
2933 -15.3484
2934 -15.3544
2935 -15.3605
2936 -15.3665
2937 -15.3725
2938 -15.3785
2939 -15.3845
2940 -15.3905
2941 -15.3966
2942 -15.4026
2943 -15.4086
2944 -15.4146
2945 -15.4206
2946 -15.4267
2947 -15.4327
2948 -15.4387
2949 -15.4447
2950 -15.4507
2951 -15.4567
2952 -15.4628
2953 -15.4688
2954 -15.4748
2955 -15.4808
2956 -15.4868
2957 -15.4929
2958 -15.4989
2959 -15.5049
2960 -15.5109
2961 -15.5169
2962 -15.5229
2963 -15.529
2964 -15.535
2965 -15.541
2966 -15.547
2967 -15.553
2968 -15.5591
2969 -15.5651
2970 -15.5711
2971 -15.5771
2972 -15.5831
2973 -15.5891
2974 -15.5952
2975 -15.6012
2976 -15.6072
2977 -15.6132
2978 -15.6192
2979 -15.6253
2980 -15.6313
2981 -15.6373
2982 -15.6433
2983 -15.6493
2984 -15.6553
2985 -15.6614
2986 -15.6674
2987 -15.6734
2988 -15.6794
2989 -15.6854
2990 -15.6915
2991 -15.6975
2992 -15.7035
2993 -15.7095
2994 -15.7155
2995 -15.7215
2996 -15.7276
2997 -15.7336
2998 -15.7396
2999 -15.7456
3000 -15.7516
3001 -15.7576
3002 -15.7637
3003 -15.7697
3004 -15.7757
3005 -15.7817
3006 -15.7877
3007 -15.7938
3008 -15.7998
3009 -15.8058
3010 -15.8118
3011 -15.8178
3012 -15.8238
3013 -15.8299
3014 -15.8359
3015 -15.8419
3016 -15.8479
3017 -15.8539
3018 -15.86
3019 -15.866
3020 -15.872
3021 -15.878
3022 -15.884
3023 -15.89
3024 -15.8961
3025 -15.9021
3026 -15.9081
3027 -15.9141
3028 -15.9201
3029 -15.9262
3030 -15.9322
3031 -15.9382
3032 -15.9442
3033 -15.9502
3034 -15.9562
3035 -15.9623
3036 -15.9683
3037 -15.9743
3038 -15.9803
3039 -15.9863
3040 -15.9924
3041 -15.9984
3042 -16.0044
3043 -16.0104
3044 -16.0164
3045 -16.0224
3046 -16.0285
3047 -16.0345
3048 -16.0405
3049 -16.0465
3050 -16.0525
3051 -16.0586
3052 -16.0646
3053 -16.0706
3054 -16.0766
3055 -16.0826
3056 -16.0886
3057 -16.0947
3058 -16.1007
3059 -16.1067
3060 -16.1127
3061 -16.1187
3062 -16.1248
3063 -16.1308
3064 -16.1368
3065 -16.1428
3066 -16.1488
3067 -16.1548
3068 -16.1609
3069 -16.1669
3070 -16.1729
3071 -16.1789
3072 -16.1849
3073 -16.191
3074 -16.197
3075 -16.203
3076 -16.209
3077 -16.215
3078 -16.221
3079 -16.2271
3080 -16.2331
3081 -16.2391
3082 -16.2451
3083 -16.2511
3084 -16.2571
3085 -16.2632
3086 -16.2692
3087 -16.2752
3088 -16.2812
3089 -16.2872
3090 -16.2933
3091 -16.2993
3092 -16.3053
3093 -16.3113
3094 -16.3173
3095 -16.3233
3096 -16.3294
3097 -16.3354
3098 -16.3414
3099 -16.3474
3100 -16.3534
3101 -16.3595
3102 -16.3655
3103 -16.3715
3104 -16.3775
3105 -16.3835
3106 -16.3895
3107 -16.3956
3108 -16.4016
3109 -16.4076
3110 -16.4136
3111 -16.4196
3112 -16.4257
3113 -16.4317
3114 -16.4377
3115 -16.4437
3116 -16.4497
3117 -16.4557
3118 -16.4618
3119 -16.4678
3120 -16.4738
3121 -16.4798
3122 -16.4858
3123 -16.4919
3124 -16.4979
3125 -16.5039
3126 -16.5099
3127 -16.5159
3128 -16.5219
3129 -16.528
3130 -16.534
3131 -16.54
3132 -16.546
3133 -16.552
3134 -16.5581
3135 -16.5641
3136 -16.5701
3137 -16.5761
3138 -16.5821
3139 -16.5881
3140 -16.5942
3141 -16.6002
3142 -16.6062
3143 -16.6122
3144 -16.6182
3145 -16.6243
3146 -16.6303
3147 -16.6363
3148 -16.6423
3149 -16.6483
3150 -16.6543
3151 -16.6604
3152 -16.6664
3153 -16.6724
3154 -16.6784
3155 -16.6844
3156 -16.6905
3157 -16.6965
3158 -16.7025
3159 -16.7085
3160 -16.7145
3161 -16.7205
3162 -16.7266
3163 -16.7326
3164 -16.7386
3165 -16.7446
3166 -16.7506
3167 -16.7567
3168 -16.7627
3169 -16.7687
3170 -16.7747
3171 -16.7807
3172 -16.7867
3173 -16.7928
3174 -16.7988
3175 -16.8048
3176 -16.8108
3177 -16.8168
3178 -16.8228
3179 -16.8289
3180 -16.8349
3181 -16.8409
3182 -16.8469
3183 -16.8529
3184 -16.859
3185 -16.865
3186 -16.871
3187 -16.877
3188 -16.883
3189 -16.889
3190 -16.8951
3191 -16.9011
3192 -16.9071
3193 -16.9131
3194 -16.9191
3195 -16.9252
3196 -16.9312
3197 -16.9372
3198 -16.9432
3199 -16.9492
3200 -16.9552
3201 -16.9613
3202 -16.9673
3203 -16.9733
3204 -16.9793
3205 -16.9853
3206 -16.9914
3207 -16.9974
3208 -17.0034
3209 -17.0094
3210 -17.0154
3211 -17.0214
3212 -17.0275
3213 -17.0335
3214 -17.0395
3215 -17.0455
3216 -17.0515
3217 -17.0576
3218 -17.0636
3219 -17.0696
3220 -17.0756
3221 -17.0816
3222 -17.0876
3223 -17.0937
3224 -17.0997
3225 -17.1057
3226 -17.1117
3227 -17.1177
3228 -17.1238
3229 -17.1298
3230 -17.1358
3231 -17.1418
3232 -17.1478
3233 -17.1538
3234 -17.1599
3235 -17.1659
3236 -17.1719
3237 -17.1779
3238 -17.1839
3239 -17.19
3240 -17.196
3241 -17.202
3242 -17.208
3243 -17.214
3244 -17.22
3245 -17.2261
3246 -17.2321
3247 -17.2381
3248 -17.2441
3249 -17.2501
3250 -17.2562
3251 -17.2622
3252 -17.2682
3253 -17.2742
3254 -17.2802
3255 -17.2862
3256 -17.2923
3257 -17.2983
3258 -17.3043
3259 -17.3103
3260 -17.3163
3261 -17.3223
3262 -17.3284
3263 -17.3344
3264 -17.3404
3265 -17.3464
3266 -17.3524
3267 -17.3585
3268 -17.3645
3269 -17.3705
3270 -17.3765
3271 -17.3825
3272 -17.3885
3273 -17.3946
3274 -17.4006
3275 -17.4066
3276 -17.4126
3277 -17.4186
3278 -17.4247
3279 -17.4307
3280 -17.4367
3281 -17.4427
3282 -17.4487
3283 -17.4547
3284 -17.4608
3285 -17.4668
3286 -17.4728
3287 -17.4788
3288 -17.4848
3289 -17.4909
3290 -17.4969
3291 -17.5029
3292 -17.5089
3293 -17.5149
3294 -17.5209
3295 -17.527
3296 -17.533
3297 -17.539
3298 -17.545
3299 -17.551
3300 -17.5571
3301 -17.5631
3302 -17.5691
3303 -17.5751
3304 -17.5811
3305 -17.5871
3306 -17.5932
3307 -17.5992
3308 -17.6052
3309 -17.6112
3310 -17.6172
3311 -17.6233
3312 -17.6293
3313 -17.6353
3314 -17.6413
3315 -17.6473
3316 -17.6533
3317 -17.6594
3318 -17.6654
3319 -17.6714
3320 -17.6774
3321 -17.6834
3322 -17.6895
3323 -17.6955
3324 -17.7015
3325 -17.7075
3326 -17.7135
3327 -17.7195
3328 -17.7256
3329 -17.7316
3330 -17.7376
3331 -17.7436
3332 -17.7496
3333 -17.7556
3334 -17.7617
3335 -17.7677
3336 -17.7737
3337 -17.7797
3338 -17.7857
3339 -17.7918
3340 -17.7978
3341 -17.8038
3342 -17.8098
3343 -17.8158
3344 -17.8218
3345 -17.8279
3346 -17.8339
3347 -17.8399
3348 -17.8459
3349 -17.8519
3350 -17.858
3351 -17.864
3352 -17.87
3353 -17.876
3354 -17.882
3355 -17.888
3356 -17.8941
3357 -17.9001
3358 -17.9061
3359 -17.9121
3360 -17.9181
3361 -17.9242
3362 -17.9302
3363 -17.9362
3364 -17.9422
3365 -17.9482
3366 -17.9542
3367 -17.9603
3368 -17.9663
3369 -17.9723
3370 -17.9783
3371 -17.9843
3372 -17.9904
3373 -17.9964
3374 -18.0024
3375 -18.0084
3376 -18.0144
3377 -18.0204
3378 -18.0265
3379 -18.0325
3380 -18.0385
3381 -18.0445
3382 -18.0505
3383 -18.0566
3384 -18.0626
3385 -18.0686
3386 -18.0746
3387 -18.0806
3388 -18.0866
3389 -18.0927
3390 -18.0987
3391 -18.1047
3392 -18.1107
3393 -18.1167
3394 -18.1228
3395 -18.1288
3396 -18.1348
3397 -18.1408
3398 -18.1468
3399 -18.1528
3400 -18.1589
3401 -18.1649
3402 -18.1709
3403 -18.1769
3404 -18.1829
3405 -18.189
3406 -18.195
3407 -18.201
3408 -18.207
3409 -18.213
3410 -18.219
3411 -18.2251
3412 -18.2311
3413 -18.2371
3414 -18.2431
3415 -18.2491
3416 -18.2551
3417 -18.2612
3418 -18.2672
3419 -18.2732
3420 -18.2792
3421 -18.2852
3422 -18.2913
3423 -18.2973
3424 -18.3033
3425 -18.3093
3426 -18.3153
3427 -18.3213
3428 -18.3274
3429 -18.3334
3430 -18.3394
3431 -18.3454
3432 -18.3514
3433 -18.3575
3434 -18.3635
3435 -18.3695
3436 -18.3755
3437 -18.3815
3438 -18.3875
3439 -18.3936
3440 -18.3996
3441 -18.4056
3442 -18.4116
3443 -18.4176
3444 -18.4237
3445 -18.4297
3446 -18.4357
3447 -18.4417
3448 -18.4477
3449 -18.4537
3450 -18.4598
3451 -18.4658
3452 -18.4718
3453 -18.4778
3454 -18.4838
3455 -18.4899
3456 -18.4959
3457 -18.5019
3458 -18.5079
3459 -18.5139
3460 -18.5199
3461 -18.526
3462 -18.532
3463 -18.538
3464 -18.544
3465 -18.55
3466 -18.5561
3467 -18.5621
3468 -18.5681
3469 -18.5741
3470 -18.5801
3471 -18.5861
3472 -18.5922
3473 -18.5982
3474 -18.6042
3475 -18.6102
3476 -18.6162
3477 -18.6223
3478 -18.6283
3479 -18.6343
3480 -18.6403
3481 -18.6463
3482 -18.6523
3483 -18.6584
3484 -18.6644
3485 -18.6704
3486 -18.6764
3487 -18.6824
3488 -18.6885
3489 -18.6945
3490 -18.7005
3491 -18.7065
3492 -18.7125
3493 -18.7185
3494 -18.7246
3495 -18.7306
3496 -18.7366
3497 -18.7426
3498 -18.7486
3499 -18.7546
3500 -18.7607
3501 -18.7667
3502 -18.7727
3503 -18.7787
3504 -18.7847
3505 -18.7908
3506 -18.7968
3507 -18.8028
3508 -18.8088
3509 -18.8148
3510 -18.8208
3511 -18.8269
3512 -18.8329
3513 -18.8389
3514 -18.8449
3515 -18.8509
3516 -18.857
3517 -18.863
3518 -18.869
3519 -18.875
3520 -18.881
3521 -18.887
3522 -18.8931
3523 -18.8991
3524 -18.9051
3525 -18.9111
3526 -18.9171
3527 -18.9232
3528 -18.9292
3529 -18.9352
3530 -18.9412
3531 -18.9472
3532 -18.9532
3533 -18.9593
3534 -18.9653
3535 -18.9713
3536 -18.9773
3537 -18.9833
3538 -18.9894
3539 -18.9954
3540 -19.0014
3541 -19.0074
3542 -19.0134
3543 -19.0194
3544 -19.0255
3545 -19.0315
3546 -19.0375
3547 -19.0435
3548 -19.0495
3549 -19.0556
3550 -19.0616
3551 -19.0676
3552 -19.0736
3553 -19.0796
3554 -19.0856
3555 -19.0917
3556 -19.0977
3557 -19.1037
3558 -19.1097
3559 -19.1157
3560 -19.1218
3561 -19.1278
3562 -19.1338
3563 -19.1398
3564 -19.1458
3565 -19.1518
3566 -19.1579
3567 -19.1639
3568 -19.1699
3569 -19.1759
3570 -19.1819
3571 -19.188
3572 -19.194
3573 -19.2
3574 -19.206
3575 -19.212
3576 -19.218
3577 -19.2241
3578 -19.2301
3579 -19.2361
3580 -19.2421
3581 -19.2481
3582 -19.2541
3583 -19.2602
3584 -19.2662
3585 -19.2722
3586 -19.2782
3587 -19.2842
3588 -19.2903
3589 -19.2963
3590 -19.3023
3591 -19.3083
3592 -19.3143
3593 -19.3203
3594 -19.3264
3595 -19.3324
3596 -19.3384
3597 -19.3444
3598 -19.3504
3599 -19.3565
3600 -19.3625
3601 -19.3685
3602 -19.3745
3603 -19.3805
3604 -19.3865
3605 -19.3926
3606 -19.3986
3607 -19.4046
3608 -19.4106
3609 -19.4166
3610 -19.4227
3611 -19.4287
3612 -19.4347
3613 -19.4407
3614 -19.4467
3615 -19.4527
3616 -19.4588
3617 -19.4648
3618 -19.4708
3619 -19.4768
3620 -19.4828
3621 -19.4889
3622 -19.4949
3623 -19.5009
3624 -19.5069
3625 -19.5129
3626 -19.5189
3627 -19.525
3628 -19.531
3629 -19.537
3630 -19.543
3631 -19.549
3632 -19.5551
3633 -19.5611
3634 -19.5671
3635 -19.5731
3636 -19.5791
3637 -19.5851
3638 -19.5912
3639 -19.5972
3640 -19.6032
3641 -19.6092
3642 -19.6152
3643 -19.6213
3644 -19.6273
3645 -19.6333
3646 -19.6393
3647 -19.6453
3648 -19.6513
3649 -19.6574
3650 -19.6634
3651 -19.6694
3652 -19.6754
3653 -19.6814
3654 -19.6875
3655 -19.6935
3656 -19.6995
3657 -19.7055
3658 -19.7115
3659 -19.7175
3660 -19.7236
3661 -19.7296
3662 -19.7356
3663 -19.7416
3664 -19.7476
3665 -19.7536
3666 -19.7597
3667 -19.7657
3668 -19.7717
3669 -19.7777
3670 -19.7837
3671 -19.7898
3672 -19.7958
3673 -19.8018
3674 -19.8078
3675 -19.8138
3676 -19.8198
3677 -19.8259
3678 -19.8319
3679 -19.8379
3680 -19.8439
3681 -19.8499
3682 -19.856
3683 -19.862
3684 -19.868
3685 -19.874
3686 -19.88
3687 -19.886
3688 -19.8921
3689 -19.8981
3690 -19.9041
3691 -19.9101
3692 -19.9161
3693 -19.9222
3694 -19.9282
3695 -19.9342
3696 -19.9402
3697 -19.9462
3698 -19.9522
3699 -19.9583
3700 -19.9643
3701 -19.9703
3702 -19.9763
3703 -19.9823
3704 -19.9884
3705 -19.9944
3706 -20.0004
3707 -20.0064
3708 -20.0124
3709 -20.0184
3710 -20.0245
3711 -20.0305
3712 -20.0365
3713 -20.0425
3714 -20.0485
3715 -20.0546
3716 -20.0606
3717 -20.0666
3718 -20.0726
3719 -20.0786
3720 -20.0846
3721 -20.0907
3722 -20.0967
3723 -20.1027
3724 -20.1087
3725 -20.1147
3726 -20.1208
3727 -20.1268
3728 -20.1328
3729 -20.1388
3730 -20.1448
3731 -20.1508
3732 -20.1569
3733 -20.1629
3734 -20.1689
3735 -20.1749
3736 -20.1809
3737 -20.1869
3738 -20.193
3739 -20.199
3740 -20.205
3741 -20.211
3742 -20.217
3743 -20.2231
3744 -20.2291
3745 -20.2351
3746 -20.2411
3747 -20.2471
3748 -20.2531
3749 -20.2592
3750 -20.2652
3751 -20.2712
3752 -20.2772
3753 -20.2832
3754 -20.2893
3755 -20.2953
3756 -20.3013
3757 -20.3073
3758 -20.3133
3759 -20.3193
3760 -20.3254
3761 -20.3314
3762 -20.3374
3763 -20.3434
3764 -20.3494
3765 -20.3555
3766 -20.3615
3767 -20.3675
3768 -20.3735
3769 -20.3795
3770 -20.3855
3771 -20.3916
3772 -20.3976
3773 -20.4036
3774 -20.4096
3775 -20.4156
3776 -20.4217
3777 -20.4277
3778 -20.4337
3779 -20.4397
3780 -20.4457
3781 -20.4517
3782 -20.4578
3783 -20.4638
3784 -20.4698
3785 -20.4758
3786 -20.4818
3787 -20.4879
3788 -20.4939
3789 -20.4999
3790 -20.5059
3791 -20.5119
3792 -20.5179
3793 -20.524
3794 -20.53
3795 -20.536
3796 -20.542
3797 -20.548
3798 -20.5541
3799 -20.5601
3800 -20.5661
3801 -20.5721
3802 -20.5781
3803 -20.5841
3804 -20.5902
3805 -20.5962
3806 -20.6022
3807 -20.6082
3808 -20.6142
3809 -20.6203
3810 -20.6263
3811 -20.6323
3812 -20.6383
3813 -20.6443
3814 -20.6503
3815 -20.6564
3816 -20.6624
3817 -20.6684
3818 -20.6744
3819 -20.6804
3820 -20.6864
3821 -20.6925
3822 -20.6985
3823 -20.7045
3824 -20.7105
3825 -20.7165
3826 -20.7226
3827 -20.7286
3828 -20.7346
3829 -20.7406
3830 -20.7466
3831 -20.7526
3832 -20.7587
3833 -20.7647
3834 -20.7707
3835 -20.7767
3836 -20.7827
3837 -20.7888
3838 -20.7948
3839 -20.8008
3840 -20.8068
3841 -20.8128
3842 -20.8188
3843 -20.8249
3844 -20.8309
3845 -20.8369
3846 -20.8429
3847 -20.8489
3848 -20.855
3849 -20.861
3850 -20.867
3851 -20.873
3852 -20.879
3853 -20.885
3854 -20.8911
3855 -20.8971
3856 -20.9031
3857 -20.9091
3858 -20.9151
3859 -20.9212
3860 -20.9272
3861 -20.9332
3862 -20.9392
3863 -20.9452
3864 -20.9512
3865 -20.9573
3866 -20.9633
3867 -20.9693
3868 -20.9753
3869 -20.9813
3870 -20.9874
3871 -20.9934
3872 -20.9994
3873 -21.0054
3874 -21.0114
3875 -21.0174
3876 -21.0235
3877 -21.0295
3878 -21.0355
3879 -21.0415
3880 -21.0475
3881 -21.0535
3882 -21.0596
3883 -21.0656
3884 -21.0716
3885 -21.0776
3886 -21.0836
3887 -21.0897
3888 -21.0957
3889 -21.1017
3890 -21.1077
3891 -21.1137
3892 -21.1197
3893 -21.1258
3894 -21.1318
3895 -21.1378
3896 -21.1438
3897 -21.1498
3898 -21.1559
3899 -21.1619
3900 -21.1679
3901 -21.1739
3902 -21.1799
3903 -21.1859
3904 -21.192
3905 -21.198
3906 -21.204
3907 -21.21
3908 -21.216
3909 -21.2221
3910 -21.2281
3911 -21.2341
3912 -21.2401
3913 -21.2461
3914 -21.2521
3915 -21.2582
3916 -21.2642
3917 -21.2702
3918 -21.2762
3919 -21.2822
3920 -21.2883
3921 -21.2943
3922 -21.3003
3923 -21.3063
3924 -21.3123
3925 -21.3184
3926 -21.3244
3927 -21.3304
3928 -21.3364
3929 -21.3424
3930 -21.3484
3931 -21.3545
3932 -21.3605
3933 -21.3665
3934 -21.3725
3935 -21.3785
3936 -21.3845
3937 -21.3906
3938 -21.3966
3939 -21.4026
3940 -21.4086
3941 -21.4146
3942 -21.4207
3943 -21.4267
3944 -21.4327
3945 -21.4387
3946 -21.4447
3947 -21.4508
3948 -21.4568
3949 -21.4628
3950 -21.4688
3951 -21.4748
3952 -21.4808
3953 -21.4869
3954 -21.4929
3955 -21.4989
3956 -21.5049
3957 -21.5109
3958 -21.517
3959 -21.523
3960 -21.529
3961 -21.535
3962 -21.541
3963 -21.547
3964 -21.5531
3965 -21.5591
3966 -21.5651
3967 -21.5711
3968 -21.5771
3969 -21.5832
3970 -21.5892
3971 -21.5952
3972 -21.6012
3973 -21.6072
3974 -21.6132
3975 -21.6193
3976 -21.6253
3977 -21.6313
3978 -21.6373
3979 -21.6433
3980 -21.6493
3981 -21.6554
3982 -21.6614
3983 -21.6674
3984 -21.6734
3985 -21.6794
3986 -21.6854
3987 -21.6915
3988 -21.6975
3989 -21.7035
3990 -21.7095
3991 -21.7155
3992 -21.7216
3993 -21.7276
3994 -21.7336
3995 -21.7396
3996 -21.7456
3997 -21.7517
3998 -21.7577
3999 -21.7637
4000 -21.7697
4001 -21.7757
4002 -21.7817
4003 -21.7878
4004 -21.7938
4005 -21.7998
4006 -21.8058
4007 -21.8118
4008 -21.8178
4009 -21.8239
4010 -21.8299
4011 -21.8359
4012 -21.8419
4013 -21.8479
4014 -21.854
4015 -21.86
4016 -21.866
4017 -21.872
4018 -21.878
4019 -21.884
4020 -21.8901
4021 -21.8961
4022 -21.9021
4023 -21.9081
4024 -21.9141
4025 -21.9202
4026 -21.9262
4027 -21.9322
4028 -21.9382
4029 -21.9442
4030 -21.9503
4031 -21.9563
4032 -21.9623
4033 -21.9683
4034 -21.9743
4035 -21.9803
4036 -21.9864
4037 -21.9924
4038 -21.9984
4039 -22.0044
4040 -22.0104
4041 -22.0164
4042 -22.0225
4043 -22.0285
4044 -22.0345
4045 -22.0405
4046 -22.0465
4047 -22.0526
4048 -22.0586
4049 -22.0646
4050 -22.0706
4051 -22.0766
4052 -22.0826
4053 -22.0887
4054 -22.0947
4055 -22.1007
4056 -22.1067
4057 -22.1127
4058 -22.1187
4059 -22.1248
4060 -22.1308
4061 -22.1368
4062 -22.1428
4063 -22.1488
4064 -22.1548
4065 -22.1609
4066 -22.1669
4067 -22.1729
4068 -22.1789
4069 -22.185
4070 -22.191
4071 -22.197
4072 -22.203
4073 -22.209
4074 -22.215
4075 -22.2211
4076 -22.2271
4077 -22.2331
4078 -22.2391
4079 -22.2451
4080 -22.2511
4081 -22.2572
4082 -22.2632
4083 -22.2692
4084 -22.2752
4085 -22.2812
4086 -22.2873
4087 -22.2933
4088 -22.2993
4089 -22.3053
4090 -22.3113
4091 -22.3173
4092 -22.3234
4093 -22.3294
4094 -22.3354
4095 -22.3414
4096 -22.3474
4097 -22.3535
4098 -22.3595
4099 -22.3655
4100 -22.3715
4101 -22.3775
4102 -22.3836
4103 -22.3896
4104 -22.3956
4105 -22.4016
4106 -22.4076
4107 -22.4136
4108 -22.4197
4109 -22.4257
4110 -22.4317
4111 -22.4377
4112 -22.4437
4113 -22.4498
4114 -22.4558
4115 -22.4618
4116 -22.4678
4117 -22.4738
4118 -22.4799
4119 -22.4859
4120 -22.4919
4121 -22.4979
4122 -22.5039
4123 -22.5099
4124 -22.516
4125 -22.522
4126 -22.528
4127 -22.534
4128 -22.54
4129 -22.546
4130 -22.5521
4131 -22.5581
4132 -22.5641
4133 -22.5701
4134 -22.5761
4135 -22.5822
4136 -22.5882
4137 -22.5942
4138 -22.6002
4139 -22.6062
4140 -22.6123
4141 -22.6183
4142 -22.6243
4143 -22.6303
4144 -22.6363
4145 -22.6423
4146 -22.6484
4147 -22.6544
4148 -22.6604
4149 -22.6664
4150 -22.6724
4151 -22.6785
4152 -22.6845
4153 -22.6905
4154 -22.6965
4155 -22.7025
4156 -22.7086
4157 -22.7146
4158 -22.7206
4159 -22.7266
4160 -22.7326
4161 -22.7386
4162 -22.7447
4163 -22.7507
4164 -22.7567
4165 -22.7627
4166 -22.7687
4167 -22.7747
4168 -22.7808
4169 -22.7868
4170 -22.7928
4171 -22.7988
4172 -22.8048
4173 -22.8109
4174 -22.8169
4175 -22.8229
4176 -22.8289
4177 -22.8349
4178 -22.841
4179 -22.847
4180 -22.853
4181 -22.859
4182 -22.865
4183 -22.871
4184 -22.8771
4185 -22.8831
4186 -22.8891
4187 -22.8951
4188 -22.9011
4189 -22.9071
4190 -22.9132
4191 -22.9192
4192 -22.9252
4193 -22.9312
4194 -22.9372
4195 -22.9433
4196 -22.9493
4197 -22.9553
4198 -22.9613
4199 -22.9673
4200 -22.9734
4201 -22.9794
4202 -22.9854
4203 -22.9914
4204 -22.9974
4205 -23.0035
4206 -23.0095
4207 -23.0155
4208 -23.0215
