0 4.60767
1 4.16155
2 3.94237
3 3.79155
4 3.67536
5 3.5804
6 3.49985
7 3.42977
8 3.36762
9 3.31173
10 3.26087
11 3.21417
12 3.17095
13 3.13069
14 3.09299
15 3.05751
16 3.02397
17 2.99217
18 2.9619
19 2.93301
20 2.90536
21 2.87884
22 2.85335
23 2.82879
24 2.8051
25 2.7822
26 2.76003
27 2.73854
28 2.71769
29 2.69742
30 2.6777
31 2.65849
32 2.63976
33 2.62149
34 2.60364
35 2.5862
36 2.56913
37 2.55242
38 2.53605
39 2.52
40 2.50426
41 2.48881
42 2.47363
43 2.45872
44 2.44407
45 2.42965
46 2.41546
47 2.40149
48 2.38773
49 2.37417
50 2.36081
51 2.34763
52 2.33463
53 2.3218
54 2.30914
55 2.29663
56 2.28428
57 2.27208
58 2.26001
59 2.24809
60 2.23629
61 2.22463
62 2.21309
63 2.20167
64 2.19036
65 2.17916
66 2.16808
67 2.1571
68 2.14622
69 2.13544
70 2.12475
71 2.11416
72 2.10366
73 2.09324
74 2.08291
75 2.07266
76 2.0625
77 2.05241
78 2.04239
79 2.03245
80 2.02258
81 2.01279
82 2.00306
83 1.99339
84 1.98379
85 1.97426
86 1.96478
87 1.95537
88 1.94601
89 1.93671
90 1.92747
91 1.91828
92 1.90914
93 1.90005
94 1.89102
95 1.88203
96 1.87309
97 1.8642
98 1.85536
99 1.84656
100 1.8378
101 1.82909
102 1.82041
103 1.81178
104 1.80319
105 1.79464
106 1.78613
107 1.77765
108 1.76921
109 1.76081
110 1.75244
111 1.74411
112 1.73581
113 1.72755
114 1.71931
115 1.71111
116 1.70294
117 1.6948
118 1.68669
119 1.67861
120 1.67056
121 1.66254
122 1.65454
123 1.64658
124 1.63863
125 1.63072
126 1.62283
127 1.61496
128 1.60712
129 1.59931
130 1.59152
131 1.58375
132 1.576
133 1.56828
134 1.56058
135 1.5529
136 1.54524
137 1.5376
138 1.52998
139 1.52239
140 1.51481
141 1.50725
142 1.49971
143 1.49219
144 1.48469
145 1.47721
146 1.46974
147 1.46229
148 1.45486
149 1.44745
150 1.44005
151 1.43267
152 1.42531
153 1.41796
154 1.41063
155 1.40331
156 1.396
157 1.38872
158 1.38144
159 1.37418
160 1.36694
161 1.35971
162 1.35249
163 1.34528
164 1.33809
165 1.33091
166 1.32375
167 1.3166
168 1.30946
169 1.30233
170 1.29521
171 1.28811
172 1.28101
173 1.27393
174 1.26686
175 1.2598
176 1.25275
177 1.24571
178 1.23869
179 1.23167
180 1.22466
181 1.21766
182 1.21068
183 1.2037
184 1.19673
185 1.18978
186 1.18283
187 1.17589
188 1.16896
189 1.16203
190 1.15512
191 1.14822
192 1.14132
193 1.13443
194 1.12756
195 1.12068
196 1.11382
197 1.10697
198 1.10012
199 1.09328
200 1.08645
201 1.07962
202 1.07281
203 1.06599
204 1.05919
205 1.0524
206 1.04561
207 1.03882
208 1.03205
209 1.02528
210 1.01852
211 1.01176
212 1.00501
213 0.998268
214 0.991531
215 0.9848
216 0.978074
217 0.971355
218 0.964641
219 0.957933
220 0.951231
221 0.944534
222 0.937843
223 0.931157
224 0.924477
225 0.917802
226 0.911132
227 0.904467
228 0.897807
229 0.891152
230 0.884502
231 0.877857
232 0.871216
233 0.864581
234 0.857949
235 0.851323
236 0.844701
237 0.838083
238 0.83147
239 0.824861
240 0.818256
241 0.811656
242 0.805059
243 0.798467
244 0.791879
245 0.785295
246 0.778714
247 0.772138
248 0.765565
249 0.758996
250 0.752431
251 0.745869
252 0.739311
253 0.732757
254 0.726206
255 0.719658
256 0.713114
257 0.706574
258 0.700036
259 0.693502
260 0.686971
261 0.680444
262 0.673919
263 0.667398
264 0.66088
265 0.654364
266 0.647852
267 0.641342
268 0.634836
269 0.628332
270 0.621831
271 0.615333
272 0.608838
273 0.602346
274 0.595856
275 0.589368
276 0.582884
277 0.576402
278 0.569922
279 0.563445
280 0.55697
281 0.550498
282 0.544028
283 0.537561
284 0.531096
285 0.524633
286 0.518173
287 0.511714
288 0.505258
289 0.498805
290 0.492353
291 0.485903
292 0.479456
293 0.473011
294 0.466567
295 0.460126
296 0.453687
297 0.447249
298 0.440814
299 0.43438
300 0.427949
301 0.421519
302 0.415091
303 0.408665
304 0.402241
305 0.395818
306 0.389398
307 0.382979
308 0.376561
309 0.370146
310 0.363732
311 0.357319
312 0.350908
313 0.344499
314 0.338092
315 0.331686
316 0.325281
317 0.318878
318 0.312477
319 0.306077
320 0.299678
321 0.293281
322 0.286885
323 0.280491
324 0.274098
325 0.267706
326 0.261316
327 0.254927
328 0.24854
329 0.242153
330 0.235768
331 0.229385
332 0.223002
333 0.216621
334 0.210241
335 0.203862
336 0.197484
337 0.191107
338 0.184732
339 0.178358
340 0.171985
341 0.165613
342 0.159242
343 0.152872
344 0.146503
345 0.140135
346 0.133768
347 0.127403
348 0.121038
349 0.114674
350 0.108312
351 0.10195
352 0.095589
353 0.0892291
354 0.0828702
355 0.0765122
356 0.0701551
357 0.0637989
358 0.0574436
359 0.0510892
360 0.0447356
361 0.0383829
362 0.0320311
363 0.02568
364 0.0193298
365 0.0129804
366 0.00663183
367 0.000284017
368 -0.00606302
369 -0.0124093
370 -0.0187548
371 -0.0250995
372 -0.0314436
373 -0.0377868
374 -0.0441294
375 -0.0504712
376 -0.0568124
377 -0.0631528
378 -0.0694926
379 -0.0758317
380 -0.0821701
381 -0.0885079
382 -0.094845
383 -0.101181
384 -0.107517
385 -0.113853
386 -0.120187
387 -0.126521
388 -0.132854
389 -0.139187
390 -0.145519
391 -0.151851
392 -0.158182
393 -0.164513
394 -0.170842
395 -0.177172
396 -0.183501
397 -0.189829
398 -0.196157
399 -0.202484
400 -0.208811
401 -0.215137
402 -0.221463
403 -0.227788
404 -0.234113
405 -0.240437
406 -0.246761
407 -0.253084
408 -0.259407
409 -0.265729
410 -0.272051
411 -0.278372
412 -0.284693
413 -0.291014
414 -0.297334
415 -0.303654
416 -0.309973
417 -0.316292
418 -0.32261
419 -0.328928
420 -0.335246
421 -0.341563
422 -0.34788
423 -0.354197
424 -0.360513
425 -0.366829
426 -0.373144
427 -0.379459
428 -0.385774
429 -0.392088
430 -0.398402
431 -0.404715
432 -0.411029
433 -0.417341
434 -0.423654
435 -0.429966
436 -0.436278
437 -0.44259
438 -0.448901
439 -0.455212
440 -0.461523
441 -0.467833
442 -0.474143
443 -0.480453
444 -0.486762
445 -0.493071
446 -0.49938
447 -0.505689
448 -0.511997
449 -0.518305
450 -0.524613
451 -0.53092
452 -0.537227
453 -0.543534
454 -0.549841
455 -0.556148
456 -0.562454
457 -0.56876
458 -0.575065
459 -0.581371
460 -0.587676
461 -0.593981
462 -0.600286
463 -0.60659
464 -0.612894
465 -0.619199
466 -0.625502
467 -0.631806
468 -0.638109
469 -0.644412
470 -0.650715
471 -0.657018
472 -0.663321
473 -0.669623
474 -0.675925
475 -0.682227
476 -0.688529
477 -0.69483
478 -0.701132
479 -0.707433
480 -0.713734
481 -0.720035
482 -0.726335
483 -0.732636
484 -0.738936
485 -0.745236
486 -0.751536
487 -0.757836
488 -0.764135
489 -0.770435
490 -0.776734
491 -0.783033
492 -0.789332
493 -0.795631
494 -0.801929
495 -0.808228
496 -0.814526
497 -0.820824
498 -0.827122
499 -0.83342
500 -0.839718
501 -0.846016
502 -0.852313
503 -0.85861
504 -0.864907
505 -0.871204
506 -0.877501
507 -0.883798
508 -0.890095
509 -0.896391
510 -0.902688
511 -0.908984
512 -0.91528
513 -0.921576
514 -0.927872
515 -0.934168
516 -0.940463
517 -0.946759
518 -0.953054
519 -0.959349
520 -0.965645
521 -0.97194
522 -0.978235
523 -0.98453
524 -0.990824
525 -0.997119
526 -1.00341
527 -1.00971
528 -1.016
529 -1.0223
530 -1.02859
531 -1.03488
532 -1.04118
533 -1.04747
534 -1.05377
535 -1.06006
536 -1.06635
537 -1.07265
538 -1.07894
539 -1.08523
540 -1.09153
541 -1.09782
542 -1.10411
543 -1.11041
544 -1.1167
545 -1.12299
546 -1.12928
547 -1.13558
548 -1.14187
549 -1.14816
550 -1.15445
551 -1.16075
552 -1.16704
553 -1.17333
554 -1.17962
555 -1.18592
556 -1.19221
557 -1.1985
558 -1.20479
559 -1.21108
560 -1.21737
561 -1.22367
562 -1.22996
563 -1.23625
564 -1.24254
565 -1.24883
566 -1.25512
567 -1.26141
568 -1.26771
569 -1.274
570 -1.28029
571 -1.28658
572 -1.29287
573 -1.29916
574 -1.30545
575 -1.31174
576 -1.31803
577 -1.32432
578 -1.33061
579 -1.3369
580 -1.3432
581 -1.34949
582 -1.35578
583 -1.36207
584 -1.36836
585 -1.37465
586 -1.38094
587 -1.38723
588 -1.39352
589 -1.39981
590 -1.4061
591 -1.41239
592 -1.41868
593 -1.42497
594 -1.43126
595 -1.43755
596 -1.44384
597 -1.45013
598 -1.45642
599 -1.46271
600 -1.46899
601 -1.47528
602 -1.48157
603 -1.48786
604 -1.49415
605 -1.50044
606 -1.50673
607 -1.51302
608 -1.51931
609 -1.5256
610 -1.53189
611 -1.53818
612 -1.54447
613 -1.55076
614 -1.55705
615 -1.56333
616 -1.56962
617 -1.57591
618 -1.5822
619 -1.58849
620 -1.59478
621 -1.60107
622 -1.60736
623 -1.61365
624 -1.61993
625 -1.62622
626 -1.63251
627 -1.6388
628 -1.64509
629 -1.65138
630 -1.65767
631 -1.66395
632 -1.67024
633 -1.67653
634 -1.68282
635 -1.68911
636 -1.6954
637 -1.70168
638 -1.70797
639 -1.71426
640 -1.72055
641 -1.72684
642 -1.73313
643 -1.73941
644 -1.7457
645 -1.75199
646 -1.75828
647 -1.76457
648 -1.77086
649 -1.77714
650 -1.78343
651 -1.78972
652 -1.79601
653 -1.8023
654 -1.80858
655 -1.81487
656 -1.82116
657 -1.82745
658 -1.83374
659 -1.84002
660 -1.84631
661 -1.8526
662 -1.85889
663 -1.86517
664 -1.87146
665 -1.87775
666 -1.88404
667 -1.89033
668 -1.89661
669 -1.9029
670 -1.90919
671 -1.91548
672 -1.92176
673 -1.92805
674 -1.93434
675 -1.94063
676 -1.94692
677 -1.9532
678 -1.95949
679 -1.96578
680 -1.97207
681 -1.97835
682 -1.98464
683 -1.99093
684 -1.99722
685 -2.0035
686 -2.00979
687 -2.01608
688 -2.02237
689 -2.02865
690 -2.03494
691 -2.04123
692 -2.04751
693 -2.0538
694 -2.06009
695 -2.06638
696 -2.07266
697 -2.07895
698 -2.08524
699 -2.09153
700 -2.09781
701 -2.1041
702 -2.11039
703 -2.11668
704 -2.12296
705 -2.12925
706 -2.13554
707 -2.14182
708 -2.14811
709 -2.1544
710 -2.16069
711 -2.16697
712 -2.17326
713 -2.17955
714 -2.18583
715 -2.19212
716 -2.19841
717 -2.2047
718 -2.21098
719 -2.21727
720 -2.22356
721 -2.22984
722 -2.23613
723 -2.24242
724 -2.24871
725 -2.25499
726 -2.26128
727 -2.26757
728 -2.27385
729 -2.28014
730 -2.28643
731 -2.29271
732 -2.299
733 -2.30529
734 -2.31158
735 -2.31786
736 -2.32415
737 -2.33044
738 -2.33672
739 -2.34301
740 -2.3493
741 -2.35558
742 -2.36187
743 -2.36816
744 -2.37444
745 -2.38073
746 -2.38702
747 -2.39331
748 -2.39959
749 -2.40588
750 -2.41217
751 -2.41845
752 -2.42474
753 -2.43103
754 -2.43731
755 -2.4436
756 -2.44989
757 -2.45617
758 -2.46246
759 -2.46875
760 -2.47503
761 -2.48132
762 -2.48761
763 -2.49389
764 -2.50018
765 -2.50647
766 -2.51275
767 -2.51904
768 -2.52533
769 -2.53162
770 -2.5379
771 -2.54419
772 -2.55048
773 -2.55676
774 -2.56305
775 -2.56934
776 -2.57562
777 -2.58191
778 -2.5882
779 -2.59448
780 -2.60077
781 -2.60706
782 -2.61334
783 -2.61963
784 -2.62592
785 -2.6322
786 -2.63849
787 -2.64478
788 -2.65106
789 -2.65735
790 -2.66364
791 -2.66992
792 -2.67621
793 -2.6825
794 -2.68878
795 -2.69507
796 -2.70136
797 -2.70764
798 -2.71393
799 -2.72022
800 -2.7265
801 -2.73279
802 -2.73908
803 -2.74536
804 -2.75165
805 -2.75794
806 -2.76422
807 -2.77051
808 -2.7768
809 -2.78308
810 -2.78937
811 -2.79566
812 -2.80194
813 -2.80823
814 -2.81452
815 -2.8208
816 -2.82709
817 -2.83338
818 -2.83966
819 -2.84595
820 -2.85223
821 -2.85852
822 -2.86481
823 -2.87109
824 -2.87738
825 -2.88367
826 -2.88995
827 -2.89624
828 -2.90253
829 -2.90881
830 -2.9151
831 -2.92139
832 -2.92767
833 -2.93396
834 -2.94025
835 -2.94653
836 -2.95282
837 -2.95911
838 -2.96539
839 -2.97168
840 -2.97797
841 -2.98425
842 -2.99054
843 -2.99683
844 -3.00311
845 -3.0094
846 -3.01569
847 -3.02197
848 -3.02826
849 -3.03454
850 -3.04083
851 -3.04712
852 -3.0534
853 -3.05969
854 -3.06598
855 -3.07226
856 -3.07855
857 -3.08484
858 -3.09112
859 -3.09741
860 -3.1037
861 -3.10998
862 -3.11627
863 -3.12256
864 -3.12884
865 -3.13513
866 -3.14142
867 -3.1477
868 -3.15399
869 -3.16027
870 -3.16656
871 -3.17285
872 -3.17913
873 -3.18542
874 -3.19171
875 -3.19799
876 -3.20428
877 -3.21057
878 -3.21685
879 -3.22314
880 -3.22943
881 -3.23571
882 -3.242
883 -3.24829
884 -3.25457
885 -3.26086
886 -3.26714
887 -3.27343
888 -3.27972
889 -3.286
890 -3.29229
891 -3.29858
892 -3.30486
893 -3.31115
894 -3.31744
895 -3.32372
896 -3.33001
897 -3.3363
898 -3.34258
899 -3.34887
900 -3.35516
901 -3.36144
902 -3.36773
903 -3.37401
904 -3.3803
905 -3.38659
906 -3.39287
907 -3.39916
908 -3.40545
909 -3.41173
910 -3.41802
911 -3.42431
912 -3.43059
913 -3.43688
914 -3.44317
915 -3.44945
916 -3.45574
917 -3.46203
918 -3.46831
919 -3.4746
920 -3.48088
921 -3.48717
922 -3.49346
923 -3.49974
924 -3.50603
925 -3.51232
926 -3.5186
927 -3.52489
928 -3.53118
929 -3.53746
930 -3.54375
931 -3.55004
932 -3.55632
933 -3.56261
934 -3.56889
935 -3.57518
936 -3.58147
937 -3.58775
938 -3.59404
939 -3.60033
940 -3.60661
941 -3.6129
942 -3.61919
943 -3.62547
944 -3.63176
945 -3.63805
946 -3.64433
947 -3.65062
948 -3.6569
949 -3.66319
950 -3.66948
951 -3.67576
952 -3.68205
953 -3.68834
954 -3.69462
955 -3.70091
956 -3.7072
957 -3.71348
958 -3.71977
959 -3.72606
960 -3.73234
961 -3.73863
962 -3.74491
963 -3.7512
964 -3.75749
965 -3.76377
966 -3.77006
967 -3.77635
968 -3.78263
969 -3.78892
970 -3.79521
971 -3.80149
972 -3.80778
973 -3.81406
974 -3.82035
975 -3.82664
976 -3.83292
977 -3.83921
978 -3.8455
979 -3.85178
980 -3.85807
981 -3.86436
982 -3.87064
983 -3.87693
984 -3.88322
985 -3.8895
986 -3.89579
987 -3.90207
988 -3.90836
989 -3.91465
990 -3.92093
991 -3.92722
992 -3.93351
993 -3.93979
994 -3.94608
995 -3.95237
996 -3.95865
997 -3.96494
998 -3.97123
999 -3.97751
1000 -3.9838
1001 -3.99008
1002 -3.99637
1003 -4.00266
1004 -4.00894
1005 -4.01523
1006 -4.02152
1007 -4.0278
1008 -4.03409
1009 -4.04038
1010 -4.04666
1011 -4.05295
1012 -4.05923
1013 -4.06552
1014 -4.07181
1015 -4.07809
1016 -4.08438
1017 -4.09067
1018 -4.09695
1019 -4.10324
1020 -4.10953
1021 -4.11581
1022 -4.1221
1023 -4.12839
1024 -4.13467
1025 -4.14096
1026 -4.14724
1027 -4.15353
1028 -4.15982
1029 -4.1661
1030 -4.17239
1031 -4.17868
1032 -4.18496
1033 -4.19125
1034 -4.19754
1035 -4.20382
1036 -4.21011
1037 -4.21639
1038 -4.22268
1039 -4.22897
1040 -4.23525
1041 -4.24154
1042 -4.24783
1043 -4.25411
1044 -4.2604
1045 -4.26669
1046 -4.27297
1047 -4.27926
1048 -4.28555
1049 -4.29183
1050 -4.29812
1051 -4.3044
1052 -4.31069
1053 -4.31698
1054 -4.32326
1055 -4.32955
1056 -4.33584
1057 -4.34212
1058 -4.34841
1059 -4.3547
1060 -4.36098
1061 -4.36727
1062 -4.37355
1063 -4.37984
1064 -4.38613
1065 -4.39241
1066 -4.3987
1067 -4.40499
1068 -4.41127
1069 -4.41756
1070 -4.42385
1071 -4.43013
1072 -4.43642
1073 -4.4427
1074 -4.44899
1075 -4.45528
1076 -4.46156
1077 -4.46785
1078 -4.47414
1079 -4.48042
1080 -4.48671
1081 -4.493
1082 -4.49928
1083 -4.50557
1084 -4.51186
1085 -4.51814
1086 -4.52443
1087 -4.53071
1088 -4.537
1089 -4.54329
1090 -4.54957
1091 -4.55586
1092 -4.56215
1093 -4.56843
1094 -4.57472
1095 -4.58101
1096 -4.58729
1097 -4.59358
1098 -4.59986
1099 -4.60615
1100 -4.61244
1101 -4.61872
1102 -4.62501
1103 -4.6313
1104 -4.63758
1105 -4.64387
1106 -4.65016
1107 -4.65644
1108 -4.66273
1109 -4.66902
1110 -4.6753
1111 -4.68159
1112 -4.68787
1113 -4.69416
1114 -4.70045
1115 -4.70673
1116 -4.71302
1117 -4.71931
1118 -4.72559
1119 -4.73188
1120 -4.73817
1121 -4.74445
1122 -4.75074
1123 -4.75702
1124 -4.76331
1125 -4.7696
1126 -4.77588
1127 -4.78217
1128 -4.78846
1129 -4.79474
1130 -4.80103
1131 -4.80732
1132 -4.8136
1133 -4.81989
1134 -4.82617
1135 -4.83246
1136 -4.83875
1137 -4.84503
1138 -4.85132
1139 -4.85761
1140 -4.86389
1141 -4.87018
1142 -4.87647
1143 -4.88275
1144 -4.88904
1145 -4.89533
1146 -4.90161
1147 -4.9079
1148 -4.91418
1149 -4.92047
1150 -4.92676
1151 -4.93304
1152 -4.93933
1153 -4.94562
1154 -4.9519
1155 -4.95819
1156 -4.96448
1157 -4.97076
1158 -4.97705
1159 -4.98333
1160 -4.98962
1161 -4.99591
1162 -5.00219
1163 -5.00848
1164 -5.01477
1165 -5.02105
1166 -5.02734
1167 -5.03363
1168 -5.03991
1169 -5.0462
1170 -5.05248
1171 -5.05877
1172 -5.06506
1173 -5.07134
1174 -5.07763
1175 -5.08392
1176 -5.0902
1177 -5.09649
1178 -5.10278
1179 -5.10906
1180 -5.11535
1181 -5.12164
1182 -5.12792
1183 -5.13421
1184 -5.14049
1185 -5.14678
1186 -5.15307
1187 -5.15935
1188 -5.16564
1189 -5.17193
1190 -5.17821
1191 -5.1845
1192 -5.19079
1193 -5.19707
1194 -5.20336
1195 -5.20964
1196 -5.21593
1197 -5.22222
1198 -5.2285
1199 -5.23479
1200 -5.24108
1201 -5.24736
1202 -5.25365
1203 -5.25994
1204 -5.26622
1205 -5.27251
1206 -5.27879
1207 -5.28508
1208 -5.29137
1209 -5.29765
1210 -5.30394
1211 -5.31023
1212 -5.31651
1213 -5.3228
1214 -5.32909
1215 -5.33537
1216 -5.34166
1217 -5.34794
1218 -5.35423
1219 -5.36052
1220 -5.3668
1221 -5.37309
1222 -5.37938
1223 -5.38566
1224 -5.39195
1225 -5.39824
1226 -5.40452
1227 -5.41081
1228 -5.4171
1229 -5.42338
1230 -5.42967
1231 -5.43595
1232 -5.44224
1233 -5.44853
1234 -5.45481
1235 -5.4611
1236 -5.46739
1237 -5.47367
1238 -5.47996
1239 -5.48625
1240 -5.49253
1241 -5.49882
1242 -5.5051
1243 -5.51139
1244 -5.51768
1245 -5.52396
1246 -5.53025
1247 -5.53654
1248 -5.54282
1249 -5.54911
1250 -5.5554
1251 -5.56168
1252 -5.56797
1253 -5.57425
1254 -5.58054
1255 -5.58683
1256 -5.59311
1257 -5.5994
1258 -5.60569
1259 -5.61197
1260 -5.61826
1261 -5.62455
1262 -5.63083
1263 -5.63712
1264 -5.64341
1265 -5.64969
1266 -5.65598
1267 -5.66226
1268 -5.66855
1269 -5.67484
1270 -5.68112
1271 -5.68741
1272 -5.6937
1273 -5.69998
1274 -5.70627
1275 -5.71256
1276 -5.71884
1277 -5.72513
1278 -5.73141
1279 -5.7377
1280 -5.74399
1281 -5.75027
1282 -5.75656
1283 -5.76285
1284 -5.76913
1285 -5.77542
1286 -5.78171
1287 -5.78799
1288 -5.79428
1289 -5.80056
1290 -5.80685
1291 -5.81314
1292 -5.81942
1293 -5.82571
1294 -5.832
1295 -5.83828
1296 -5.84457
1297 -5.85086
1298 -5.85714
1299 -5.86343
1300 -5.86971
1301 -5.876
1302 -5.88229
1303 -5.88857
1304 -5.89486
1305 -5.90115
1306 -5.90743
1307 -5.91372
1308 -5.92001
1309 -5.92629
1310 -5.93258
1311 -5.93887
1312 -5.94515
1313 -5.95144
1314 -5.95772
1315 -5.96401
1316 -5.9703
1317 -5.97658
1318 -5.98287
1319 -5.98916
1320 -5.99544
1321 -6.00173
1322 -6.00802
1323 -6.0143
1324 -6.02059
1325 -6.02687
1326 -6.03316
1327 -6.03945
1328 -6.04573
1329 -6.05202
1330 -6.05831
1331 -6.06459
1332 -6.07088
1333 -6.07717
1334 -6.08345
1335 -6.08974
1336 -6.09602
1337 -6.10231
1338 -6.1086
1339 -6.11488
1340 -6.12117
1341 -6.12746
1342 -6.13374
1343 -6.14003
1344 -6.14632
1345 -6.1526
1346 -6.15889
1347 -6.16518
1348 -6.17146
1349 -6.17775
1350 -6.18403
1351 -6.19032
1352 -6.19661
1353 -6.20289
1354 -6.20918
1355 -6.21547
1356 -6.22175
1357 -6.22804
1358 -6.23433
1359 -6.24061
1360 -6.2469
1361 -6.25318
1362 -6.25947
1363 -6.26576
1364 -6.27204
1365 -6.27833
1366 -6.28462
1367 -6.2909
1368 -6.29719
1369 -6.30348
1370 -6.30976
1371 -6.31605
1372 -6.32233
1373 -6.32862
1374 -6.33491
1375 -6.34119
1376 -6.34748
1377 -6.35377
1378 -6.36005
1379 -6.36634
1380 -6.37263
1381 -6.37891
1382 -6.3852
1383 -6.39148
1384 -6.39777
1385 -6.40406
1386 -6.41034
1387 -6.41663
1388 -6.42292
1389 -6.4292
1390 -6.43549
1391 -6.44178
1392 -6.44806
1393 -6.45435
1394 -6.46064
1395 -6.46692
1396 -6.47321
1397 -6.47949
1398 -6.48578
1399 -6.49207
1400 -6.49835
1401 -6.50464
1402 -6.51093
1403 -6.51721
1404 -6.5235
1405 -6.52979
1406 -6.53607
1407 -6.54236
1408 -6.54864
1409 -6.55493
1410 -6.56122
1411 -6.5675
1412 -6.57379
1413 -6.58008
1414 -6.58636
1415 -6.59265
1416 -6.59894
1417 -6.60522
1418 -6.61151
1419 -6.61779
1420 -6.62408
1421 -6.63037
1422 -6.63665
1423 -6.64294
1424 -6.64923
1425 -6.65551
1426 -6.6618
1427 -6.66809
1428 -6.67437
1429 -6.68066
1430 -6.68694
1431 -6.69323
1432 -6.69952
1433 -6.7058
1434 -6.71209
1435 -6.71838
1436 -6.72466
1437 -6.73095
1438 -6.73724
1439 -6.74352
1440 -6.74981
1441 -6.7561
1442 -6.76238
1443 -6.76867
1444 -6.77495
1445 -6.78124
1446 -6.78753
1447 -6.79381
1448 -6.8001
1449 -6.80639
1450 -6.81267
1451 -6.81896
1452 -6.82525
1453 -6.83153
1454 -6.83782
1455 -6.8441
1456 -6.85039
1457 -6.85668
1458 -6.86296
1459 -6.86925
1460 -6.87554
1461 -6.88182
1462 -6.88811
1463 -6.8944
1464 -6.90068
1465 -6.90697
1466 -6.91325
1467 -6.91954
1468 -6.92583
1469 -6.93211
1470 -6.9384
1471 -6.94469
1472 -6.95097
1473 -6.95726
1474 -6.96355
1475 -6.96983
1476 -6.97612
1477 -6.98241
1478 -6.98869
1479 -6.99498
1480 -7.00126
1481 -7.00755
1482 -7.01384
1483 -7.02012
1484 -7.02641
1485 -7.0327
1486 -7.03898
1487 -7.04527
1488 -7.05156
1489 -7.05784
1490 -7.06413
1491 -7.07041
1492 -7.0767
1493 -7.08299
1494 -7.08927
1495 -7.09556
1496 -7.10185
1497 -7.10813
1498 -7.11442
1499 -7.12071
1500 -7.12699
1501 -7.13328
1502 -7.13956
1503 -7.14585
1504 -7.15214
1505 -7.15842
1506 -7.16471
1507 -7.171
1508 -7.17728
1509 -7.18357
1510 -7.18986
1511 -7.19614
1512 -7.20243
1513 -7.20871
1514 -7.215
1515 -7.22129
1516 -7.22757
1517 -7.23386
1518 -7.24015
1519 -7.24643
1520 -7.25272
1521 -7.25901
1522 -7.26529
1523 -7.27158
1524 -7.27787
1525 -7.28415
1526 -7.29044
1527 -7.29672
1528 -7.30301
1529 -7.3093
1530 -7.31558
1531 -7.32187
1532 -7.32816
1533 -7.33444
1534 -7.34073
1535 -7.34702
1536 -7.3533
1537 -7.35959
1538 -7.36587
1539 -7.37216
1540 -7.37845
1541 -7.38473
1542 -7.39102
1543 -7.39731
1544 -7.40359
1545 -7.40988
1546 -7.41617
1547 -7.42245
1548 -7.42874
1549 -7.43502
1550 -7.44131
1551 -7.4476
1552 -7.45388
1553 -7.46017
1554 -7.46646
1555 -7.47274
1556 -7.47903
1557 -7.48532
1558 -7.4916
1559 -7.49789
1560 -7.50417
1561 -7.51046
1562 -7.51675
1563 -7.52303
1564 -7.52932
1565 -7.53561
1566 -7.54189
1567 -7.54818
1568 -7.55447
1569 -7.56075
1570 -7.56704
1571 -7.57333
1572 -7.57961
1573 -7.5859
1574 -7.59218
1575 -7.59847
1576 -7.60476
1577 -7.61104
1578 -7.61733
1579 -7.62362
1580 -7.6299
1581 -7.63619
1582 -7.64248
1583 -7.64876
1584 -7.65505
1585 -7.66133
1586 -7.66762
1587 -7.67391
1588 -7.68019
1589 -7.68648
1590 -7.69277
1591 -7.69905
1592 -7.70534
1593 -7.71163
1594 -7.71791
1595 -7.7242
1596 -7.73048
1597 -7.73677
1598 -7.74306
1599 -7.74934
1600 -7.75563
1601 -7.76192
1602 -7.7682
1603 -7.77449
1604 -7.78078
1605 -7.78706
1606 -7.79335
1607 -7.79964
1608 -7.80592
1609 -7.81221
1610 -7.81849
1611 -7.82478
1612 -7.83107
1613 -7.83735
1614 -7.84364
1615 -7.84993
1616 -7.85621
1617 -7.8625
1618 -7.86879
1619 -7.87507
1620 -7.88136
1621 -7.88764
1622 -7.89393
1623 -7.90022
1624 -7.9065
1625 -7.91279
1626 -7.91908
1627 -7.92536
1628 -7.93165
1629 -7.93794
1630 -7.94422
1631 -7.95051
1632 -7.95679
1633 -7.96308
1634 -7.96937
1635 -7.97565
1636 -7.98194
1637 -7.98823
1638 -7.99451
1639 -8.0008
1640 -8.00709
1641 -8.01337
1642 -8.01966
1643 -8.02594
1644 -8.03223
1645 -8.03852
1646 -8.0448
1647 -8.05109
1648 -8.05738
1649 -8.06366
1650 -8.06995
1651 -8.07624
1652 -8.08252
1653 -8.08881
1654 -8.0951
1655 -8.10138
1656 -8.10767
1657 -8.11395
1658 -8.12024
1659 -8.12653
1660 -8.13281
1661 -8.1391
1662 -8.14539
1663 -8.15167
1664 -8.15796
1665 -8.16425
1666 -8.17053
1667 -8.17682
1668 -8.1831
1669 -8.18939
1670 -8.19568
1671 -8.20196
1672 -8.20825
1673 -8.21454
1674 -8.22082
1675 -8.22711
1676 -8.2334
1677 -8.23968
1678 -8.24597
1679 -8.25225
1680 -8.25854
1681 -8.26483
1682 -8.27111
1683 -8.2774
1684 -8.28369
1685 -8.28997
1686 -8.29626
1687 -8.30255
1688 -8.30883
1689 -8.31512
1690 -8.3214
1691 -8.32769
1692 -8.33398
1693 -8.34026
1694 -8.34655
1695 -8.35284
1696 -8.35912
1697 -8.36541
1698 -8.3717
1699 -8.37798
1700 -8.38427
1701 -8.39056
1702 -8.39684
1703 -8.40313
1704 -8.40941
1705 -8.4157
1706 -8.42199
1707 -8.42827
1708 -8.43456
1709 -8.44085
1710 -8.44713
1711 -8.45342
1712 -8.45971
1713 -8.46599
1714 -8.47228
1715 -8.47856
1716 -8.48485
1717 -8.49114
1718 -8.49742
1719 -8.50371
1720 -8.51
1721 -8.51628
1722 -8.52257
1723 -8.52886
1724 -8.53514
1725 -8.54143
1726 -8.54771
1727 -8.554
1728 -8.56029
1729 -8.56657
1730 -8.57286
1731 -8.57915
1732 -8.58543
1733 -8.59172
1734 -8.59801
1735 -8.60429
1736 -8.61058
1737 -8.61687
1738 -8.62315
1739 -8.62944
1740 -8.63572
1741 -8.64201
1742 -8.6483
1743 -8.65458
1744 -8.66087
1745 -8.66716
1746 -8.67344
1747 -8.67973
1748 -8.68602
1749 -8.6923
1750 -8.69859
1751 -8.70487
1752 -8.71116
1753 -8.71745
1754 -8.72373
1755 -8.73002
1756 -8.73631
1757 -8.74259
1758 -8.74888
1759 -8.75517
1760 -8.76145
1761 -8.76774
1762 -8.77402
1763 -8.78031
1764 -8.7866
1765 -8.79288
1766 -8.79917
1767 -8.80546
1768 -8.81174
1769 -8.81803
1770 -8.82432
1771 -8.8306
1772 -8.83689
1773 -8.84317
1774 -8.84946
1775 -8.85575
1776 -8.86203
1777 -8.86832
1778 -8.87461
1779 -8.88089
1780 -8.88718
1781 -8.89347
1782 -8.89975
1783 -8.90604
1784 -8.91233
1785 -8.91861
1786 -8.9249
1787 -8.93118
1788 -8.93747
1789 -8.94376
1790 -8.95004
1791 -8.95633
1792 -8.96262
1793 -8.9689
1794 -8.97519
1795 -8.98148
1796 -8.98776
1797 -8.99405
1798 -9.00033
1799 -9.00662
1800 -9.01291
1801 -9.01919
1802 -9.02548
1803 -9.03177
1804 -9.03805
1805 -9.04434
1806 -9.05063
1807 -9.05691
1808 -9.0632
1809 -9.06948
1810 -9.07577
1811 -9.08206
1812 -9.08834
1813 -9.09463
1814 -9.10092
1815 -9.1072
1816 -9.11349
1817 -9.11978
1818 -9.12606
1819 -9.13235
1820 -9.13863
1821 -9.14492
1822 -9.15121
1823 -9.15749
1824 -9.16378
1825 -9.17007
1826 -9.17635
1827 -9.18264
1828 -9.18893
1829 -9.19521
1830 -9.2015
1831 -9.20779
1832 -9.21407
1833 -9.22036
1834 -9.22664
1835 -9.23293
1836 -9.23922
1837 -9.2455
1838 -9.25179
1839 -9.25808
1840 -9.26436
1841 -9.27065
1842 -9.27694
1843 -9.28322
1844 -9.28951
1845 -9.29579
1846 -9.30208
1847 -9.30837
1848 -9.31465
1849 -9.32094
1850 -9.32723
1851 -9.33351
1852 -9.3398
1853 -9.34609
1854 -9.35237
1855 -9.35866
1856 -9.36494
1857 -9.37123
1858 -9.37752
1859 -9.3838
1860 -9.39009
1861 -9.39638
1862 -9.40266
1863 -9.40895
1864 -9.41524
1865 -9.42152
1866 -9.42781
1867 -9.4341
1868 -9.44038
1869 -9.44667
1870 -9.45295
1871 -9.45924
1872 -9.46553
1873 -9.47181
1874 -9.4781
1875 -9.48439
1876 -9.49067
1877 -9.49696
1878 -9.50325
1879 -9.50953
1880 -9.51582
1881 -9.5221
1882 -9.52839
1883 -9.53468
1884 -9.54096
1885 -9.54725
1886 -9.55354
1887 -9.55982
1888 -9.56611
1889 -9.5724
1890 -9.57868
1891 -9.58497
1892 -9.59125
1893 -9.59754
1894 -9.60383
1895 -9.61011
1896 -9.6164
1897 -9.62269
1898 -9.62897
1899 -9.63526
1900 -9.64155
1901 -9.64783
1902 -9.65412
1903 -9.6604
1904 -9.66669
1905 -9.67298
1906 -9.67926
1907 -9.68555
1908 -9.69184
1909 -9.69812
1910 -9.70441
1911 -9.7107
1912 -9.71698
1913 -9.72327
1914 -9.72956
1915 -9.73584
1916 -9.74213
1917 -9.74841
1918 -9.7547
1919 -9.76099
1920 -9.76727
1921 -9.77356
1922 -9.77985
1923 -9.78613
1924 -9.79242
1925 -9.79871
1926 -9.80499
1927 -9.81128
1928 -9.81756
1929 -9.82385
1930 -9.83014
1931 -9.83642
1932 -9.84271
1933 -9.849
1934 -9.85528
1935 -9.86157
1936 -9.86786
1937 -9.87414
1938 -9.88043
1939 -9.88671
1940 -9.893
1941 -9.89929
1942 -9.90557
1943 -9.91186
1944 -9.91815
1945 -9.92443
1946 -9.93072
1947 -9.93701
1948 -9.94329
1949 -9.94958
1950 -9.95586
1951 -9.96215
1952 -9.96844
1953 -9.97472
1954 -9.98101
1955 -9.9873
1956 -9.99358
1957 -9.99987
1958 -10.0062
1959 -10.0124
1960 -10.0187
1961 -10.025
1962 -10.0313
1963 -10.0376
1964 -10.0439
1965 -10.0502
1966 -10.0564
1967 -10.0627
1968 -10.069
1969 -10.0753
1970 -10.0816
1971 -10.0879
1972 -10.0942
1973 -10.1005
1974 -10.1067
1975 -10.113
1976 -10.1193
1977 -10.1256
1978 -10.1319
1979 -10.1382
1980 -10.1445
1981 -10.1507
1982 -10.157
1983 -10.1633
1984 -10.1696
1985 -10.1759
1986 -10.1822
1987 -10.1885
1988 -10.1947
1989 -10.201
1990 -10.2073
1991 -10.2136
1992 -10.2199
1993 -10.2262
1994 -10.2325
1995 -10.2388
1996 -10.245
1997 -10.2513
1998 -10.2576
1999 -10.2639
2000 -10.2702
2001 -10.2765
2002 -10.2828
2003 -10.289
2004 -10.2953
2005 -10.3016
2006 -10.3079
2007 -10.3142
2008 -10.3205
2009 -10.3268
2010 -10.333
2011 -10.3393
2012 -10.3456
2013 -10.3519
2014 -10.3582
2015 -10.3645
2016 -10.3708
2017 -10.3771
2018 -10.3833
2019 -10.3896
2020 -10.3959
2021 -10.4022
2022 -10.4085
2023 -10.4148
2024 -10.4211
2025 -10.4273
2026 -10.4336
2027 -10.4399
2028 -10.4462
2029 -10.4525
2030 -10.4588
2031 -10.4651
2032 -10.4713
2033 -10.4776
2034 -10.4839
2035 -10.4902
2036 -10.4965
2037 -10.5028
2038 -10.5091
2039 -10.5154
2040 -10.5216
2041 -10.5279
2042 -10.5342
2043 -10.5405
2044 -10.5468
2045 -10.5531
2046 -10.5594
2047 -10.5656
2048 -10.5719
2049 -10.5782
2050 -10.5845
2051 -10.5908
2052 -10.5971
2053 -10.6034
2054 -10.6096
2055 -10.6159
2056 -10.6222
2057 -10.6285
2058 -10.6348
2059 -10.6411
2060 -10.6474
2061 -10.6537
2062 -10.6599
2063 -10.6662
2064 -10.6725
2065 -10.6788
2066 -10.6851
2067 -10.6914
2068 -10.6977
2069 -10.7039
2070 -10.7102
2071 -10.7165
2072 -10.7228
2073 -10.7291
2074 -10.7354
2075 -10.7417
2076 -10.7479
2077 -10.7542
2078 -10.7605
2079 -10.7668
2080 -10.7731
2081 -10.7794
2082 -10.7857
2083 -10.792
2084 -10.7982
2085 -10.8045
2086 -10.8108
2087 -10.8171
2088 -10.8234
2089 -10.8297
2090 -10.836
2091 -10.8422
2092 -10.8485
2093 -10.8548
2094 -10.8611
2095 -10.8674
2096 -10.8737
2097 -10.88
2098 -10.8862
2099 -10.8925
2100 -10.8988
2101 -10.9051
2102 -10.9114
2103 -10.9177
2104 -10.924
2105 -10.9303
2106 -10.9365
2107 -10.9428
2108 -10.9491
2109 -10.9554
2110 -10.9617
2111 -10.968
2112 -10.9743
2113 -10.9805
2114 -10.9868
2115 -10.9931
2116 -10.9994
2117 -11.0057
2118 -11.012
2119 -11.0183
2120 -11.0246
2121 -11.0308
2122 -11.0371
2123 -11.0434
2124 -11.0497
2125 -11.056
2126 -11.0623
2127 -11.0686
2128 -11.0748
2129 -11.0811
2130 -11.0874
2131 -11.0937
2132 -11.1
2133 -11.1063
2134 -11.1126
2135 -11.1188
2136 -11.1251
2137 -11.1314
2138 -11.1377
2139 -11.144
2140 -11.1503
2141 -11.1566
2142 -11.1629
2143 -11.1691
2144 -11.1754
2145 -11.1817
2146 -11.188
2147 -11.1943
2148 -11.2006
2149 -11.2069
2150 -11.2131
2151 -11.2194
2152 -11.2257
2153 -11.232
2154 -11.2383
2155 -11.2446
2156 -11.2509
2157 -11.2571
2158 -11.2634
2159 -11.2697
2160 -11.276
2161 -11.2823
2162 -11.2886
2163 -11.2949
2164 -11.3012
2165 -11.3074
2166 -11.3137
2167 -11.32
2168 -11.3263
2169 -11.3326
2170 -11.3389
2171 -11.3452
2172 -11.3514
2173 -11.3577
2174 -11.364
2175 -11.3703
2176 -11.3766
2177 -11.3829
2178 -11.3892
2179 -11.3954
2180 -11.4017
2181 -11.408
2182 -11.4143
2183 -11.4206
2184 -11.4269
2185 -11.4332
2186 -11.4395
2187 -11.4457
2188 -11.452
2189 -11.4583
2190 -11.4646
2191 -11.4709
2192 -11.4772
2193 -11.4835
2194 -11.4897
2195 -11.496
2196 -11.5023
2197 -11.5086
2198 -11.5149
2199 -11.5212
2200 -11.5275
2201 -11.5337
2202 -11.54
2203 -11.5463
2204 -11.5526
2205 -11.5589
2206 -11.5652
2207 -11.5715
2208 -11.5778
2209 -11.584
2210 -11.5903
2211 -11.5966
2212 -11.6029
2213 -11.6092
2214 -11.6155
2215 -11.6218
2216 -11.628
2217 -11.6343
2218 -11.6406
2219 -11.6469
2220 -11.6532
2221 -11.6595
2222 -11.6658
2223 -11.672
2224 -11.6783
2225 -11.6846
2226 -11.6909
2227 -11.6972
2228 -11.7035
2229 -11.7098
2230 -11.7161
2231 -11.7223
2232 -11.7286
2233 -11.7349
2234 -11.7412
2235 -11.7475
2236 -11.7538
2237 -11.7601
2238 -11.7663
2239 -11.7726
2240 -11.7789
2241 -11.7852
2242 -11.7915
2243 -11.7978
2244 -11.8041
2245 -11.8103
2246 -11.8166
2247 -11.8229
2248 -11.8292
2249 -11.8355
2250 -11.8418
2251 -11.8481
2252 -11.8544
2253 -11.8606
2254 -11.8669
2255 -11.8732
2256 -11.8795
2257 -11.8858
2258 -11.8921
2259 -11.8984
2260 -11.9046
2261 -11.9109
2262 -11.9172
2263 -11.9235
2264 -11.9298
2265 -11.9361
2266 -11.9424
2267 -11.9486
2268 -11.9549
2269 -11.9612
2270 -11.9675
2271 -11.9738
2272 -11.9801
2273 -11.9864
2274 -11.9927
2275 -11.9989
2276 -12.0052
2277 -12.0115
2278 -12.0178
2279 -12.0241
2280 -12.0304
2281 -12.0367
2282 -12.0429
2283 -12.0492
2284 -12.0555
2285 -12.0618
2286 -12.0681
2287 -12.0744
2288 -12.0807
2289 -12.0869
2290 -12.0932
2291 -12.0995
2292 -12.1058
2293 -12.1121
2294 -12.1184
2295 -12.1247
2296 -12.131
2297 -12.1372
2298 -12.1435
2299 -12.1498
2300 -12.1561
2301 -12.1624
2302 -12.1687
2303 -12.175
2304 -12.1812
2305 -12.1875
2306 -12.1938
2307 -12.2001
2308 -12.2064
2309 -12.2127
2310 -12.219
2311 -12.2252
2312 -12.2315
2313 -12.2378
2314 -12.2441
2315 -12.2504
2316 -12.2567
2317 -12.263
2318 -12.2693
2319 -12.2755
2320 -12.2818
2321 -12.2881
2322 -12.2944
2323 -12.3007
2324 -12.307
2325 -12.3133
2326 -12.3195
2327 -12.3258
2328 -12.3321
2329 -12.3384
2330 -12.3447
2331 -12.351
2332 -12.3573
2333 -12.3636
2334 -12.3698
2335 -12.3761
2336 -12.3824
2337 -12.3887
2338 -12.395
2339 -12.4013
2340 -12.4076
2341 -12.4138
2342 -12.4201
2343 -12.4264
2344 -12.4327
2345 -12.439
2346 -12.4453
2347 -12.4516
2348 -12.4578
2349 -12.4641
2350 -12.4704
2351 -12.4767
2352 -12.483
2353 -12.4893
2354 -12.4956
2355 -12.5019
2356 -12.5081
2357 -12.5144
2358 -12.5207
2359 -12.527
2360 -12.5333
2361 -12.5396
2362 -12.5459
2363 -12.5521
2364 -12.5584
2365 -12.5647
2366 -12.571
2367 -12.5773
2368 -12.5836
2369 -12.5899
2370 -12.5961
2371 -12.6024
2372 -12.6087
2373 -12.615
2374 -12.6213
2375 -12.6276
2376 -12.6339
2377 -12.6402
2378 -12.6464
2379 -12.6527
2380 -12.659
2381 -12.6653
2382 -12.6716
2383 -12.6779
2384 -12.6842
2385 -12.6904
2386 -12.6967
2387 -12.703
2388 -12.7093
2389 -12.7156
2390 -12.7219
2391 -12.7282
2392 -12.7344
2393 -12.7407
2394 -12.747
2395 -12.7533
2396 -12.7596
2397 -12.7659
2398 -12.7722
2399 -12.7785
2400 -12.7847
2401 -12.791
2402 -12.7973
2403 -12.8036
2404 -12.8099
2405 -12.8162
2406 -12.8225
2407 -12.8287
2408 -12.835
2409 -12.8413
2410 -12.8476
2411 -12.8539
2412 -12.8602
2413 -12.8665
2414 -12.8727
2415 -12.879
2416 -12.8853
2417 -12.8916
2418 -12.8979
2419 -12.9042
2420 -12.9105
2421 -12.9168
2422 -12.923
2423 -12.9293
2424 -12.9356
2425 -12.9419
2426 -12.9482
2427 -12.9545
2428 -12.9608
2429 -12.967
2430 -12.9733
2431 -12.9796
2432 -12.9859
2433 -12.9922
2434 -12.9985
2435 -13.0048
2436 -13.011
2437 -13.0173
2438 -13.0236
2439 -13.0299
2440 -13.0362
2441 -13.0425
2442 -13.0488
2443 -13.0551
2444 -13.0613
2445 -13.0676
2446 -13.0739
2447 -13.0802
2448 -13.0865
2449 -13.0928
2450 -13.0991
2451 -13.1053
2452 -13.1116
2453 -13.1179
2454 -13.1242
2455 -13.1305
2456 -13.1368
2457 -13.1431
2458 -13.1493
2459 -13.1556
2460 -13.1619
2461 -13.1682
2462 -13.1745
2463 -13.1808
2464 -13.1871
2465 -13.1934
2466 -13.1996
2467 -13.2059
2468 -13.2122
2469 -13.2185
2470 -13.2248
2471 -13.2311
2472 -13.2374
2473 -13.2436
2474 -13.2499
2475 -13.2562
2476 -13.2625
2477 -13.2688
2478 -13.2751
2479 -13.2814
2480 -13.2876
2481 -13.2939
2482 -13.3002
2483 -13.3065
2484 -13.3128
2485 -13.3191
2486 -13.3254
2487 -13.3317
2488 -13.3379
2489 -13.3442
2490 -13.3505
2491 -13.3568
2492 -13.3631
2493 -13.3694
2494 -13.3757
2495 -13.3819
2496 -13.3882
2497 -13.3945
2498 -13.4008
2499 -13.4071
2500 -13.4134
2501 -13.4197
2502 -13.4259
2503 -13.4322
2504 -13.4385
2505 -13.4448
2506 -13.4511
2507 -13.4574
2508 -13.4637
2509 -13.47
2510 -13.4762
2511 -13.4825
2512 -13.4888
2513 -13.4951
2514 -13.5014
2515 -13.5077
2516 -13.514
2517 -13.5202
2518 -13.5265
2519 -13.5328
2520 -13.5391
2521 -13.5454
2522 -13.5517
2523 -13.558
2524 -13.5642
2525 -13.5705
2526 -13.5768
2527 -13.5831
2528 -13.5894
2529 -13.5957
2530 -13.602
2531 -13.6083
2532 -13.6145
2533 -13.6208
2534 -13.6271
2535 -13.6334
2536 -13.6397
2537 -13.646
2538 -13.6523
2539 -13.6585
2540 -13.6648
2541 -13.6711
2542 -13.6774
2543 -13.6837
2544 -13.69
2545 -13.6963
2546 -13.7026
2547 -13.7088
2548 -13.7151
2549 -13.7214
2550 -13.7277
2551 -13.734
2552 -13.7403
2553 -13.7466
2554 -13.7528
2555 -13.7591
2556 -13.7654
2557 -13.7717
2558 -13.778
2559 -13.7843
2560 -13.7906
2561 -13.7968
2562 -13.8031
2563 -13.8094
2564 -13.8157
2565 -13.822
2566 -13.8283
2567 -13.8346
2568 -13.8409
2569 -13.8471
2570 -13.8534
2571 -13.8597
2572 -13.866
2573 -13.8723
2574 -13.8786
2575 -13.8849
2576 -13.8911
2577 -13.8974
2578 -13.9037
2579 -13.91
2580 -13.9163
2581 -13.9226
2582 -13.9289
2583 -13.9351
2584 -13.9414
2585 -13.9477
2586 -13.954
2587 -13.9603
2588 -13.9666
2589 -13.9729
2590 -13.9792
2591 -13.9854
2592 -13.9917
2593 -13.998
2594 -14.0043
2595 -14.0106
2596 -14.0169
2597 -14.0232
2598 -14.0294
2599 -14.0357
2600 -14.042
2601 -14.0483
2602 -14.0546
2603 -14.0609
2604 -14.0672
2605 -14.0734
2606 -14.0797
2607 -14.086
2608 -14.0923
2609 -14.0986
2610 -14.1049
2611 -14.1112
2612 -14.1175
2613 -14.1237
2614 -14.13
2615 -14.1363
2616 -14.1426
2617 -14.1489
2618 -14.1552
2619 -14.1615
2620 -14.1677
2621 -14.174
2622 -14.1803
2623 -14.1866
2624 -14.1929
2625 -14.1992
2626 -14.2055
2627 -14.2117
2628 -14.218
2629 -14.2243
2630 -14.2306
2631 -14.2369
2632 -14.2432
2633 -14.2495
2634 -14.2558
2635 -14.262
2636 -14.2683
2637 -14.2746
2638 -14.2809
2639 -14.2872
2640 -14.2935
2641 -14.2998
2642 -14.306
2643 -14.3123
2644 -14.3186
2645 -14.3249
2646 -14.3312
2647 -14.3375
2648 -14.3438
2649 -14.35
2650 -14.3563
2651 -14.3626
2652 -14.3689
2653 -14.3752
2654 -14.3815
2655 -14.3878
2656 -14.3941
2657 -14.4003
2658 -14.4066
2659 -14.4129
2660 -14.4192
2661 -14.4255
2662 -14.4318
2663 -14.4381
2664 -14.4443
2665 -14.4506
2666 -14.4569
2667 -14.4632
2668 -14.4695
2669 -14.4758
2670 -14.4821
2671 -14.4883
2672 -14.4946
2673 -14.5009
2674 -14.5072
2675 -14.5135
2676 -14.5198
2677 -14.5261
2678 -14.5324
2679 -14.5386
2680 -14.5449
2681 -14.5512
2682 -14.5575
2683 -14.5638
2684 -14.5701
2685 -14.5764
2686 -14.5826
2687 -14.5889
2688 -14.5952
2689 -14.6015
2690 -14.6078
2691 -14.6141
2692 -14.6204
2693 -14.6266
2694 -14.6329
2695 -14.6392
2696 -14.6455
2697 -14.6518
2698 -14.6581
2699 -14.6644
2700 -14.6707
2701 -14.6769
2702 -14.6832
2703 -14.6895
2704 -14.6958
2705 -14.7021
2706 -14.7084
2707 -14.7147
2708 -14.7209
2709 -14.7272
2710 -14.7335
2711 -14.7398
2712 -14.7461
2713 -14.7524
2714 -14.7587
2715 -14.7649
2716 -14.7712
2717 -14.7775
2718 -14.7838
2719 -14.7901
2720 -14.7964
2721 -14.8027
2722 -14.809
2723 -14.8152
2724 -14.8215
2725 -14.8278
2726 -14.8341
2727 -14.8404
2728 -14.8467
2729 -14.853
2730 -14.8592
2731 -14.8655
2732 -14.8718
2733 -14.8781
2734 -14.8844
2735 -14.8907
2736 -14.897
2737 -14.9032
2738 -14.9095
2739 -14.9158
2740 -14.9221
2741 -14.9284
2742 -14.9347
2743 -14.941
2744 -14.9473
2745 -14.9535
2746 -14.9598
2747 -14.9661
2748 -14.9724
2749 -14.9787
2750 -14.985
2751 -14.9913
2752 -14.9975
2753 -15.0038
2754 -15.0101
2755 -15.0164
2756 -15.0227
2757 -15.029
2758 -15.0353
2759 -15.0416
2760 -15.0478
2761 -15.0541
2762 -15.0604
2763 -15.0667
2764 -15.073
2765 -15.0793
2766 -15.0856
2767 -15.0918
2768 -15.0981
2769 -15.1044
2770 -15.1107
2771 -15.117
2772 -15.1233
2773 -15.1296
2774 -15.1358
2775 -15.1421
2776 -15.1484
2777 -15.1547
2778 -15.161
2779 -15.1673
2780 -15.1736
2781 -15.1799
2782 -15.1861
2783 -15.1924
2784 -15.1987
2785 -15.205
2786 -15.2113
2787 -15.2176
2788 -15.2239
2789 -15.2301
2790 -15.2364
2791 -15.2427
2792 -15.249
2793 -15.2553
2794 -15.2616
2795 -15.2679
2796 -15.2741
2797 -15.2804
2798 -15.2867
2799 -15.293
2800 -15.2993
2801 -15.3056
2802 -15.3119
2803 -15.3182
2804 -15.3244
2805 -15.3307
2806 -15.337
2807 -15.3433
2808 -15.3496
2809 -15.3559
2810 -15.3622
2811 -15.3684
2812 -15.3747
2813 -15.381
2814 -15.3873
2815 -15.3936
2816 -15.3999
2817 -15.4062
2818 -15.4124
2819 -15.4187
2820 -15.425
2821 -15.4313
2822 -15.4376
2823 -15.4439
2824 -15.4502
2825 -15.4565
2826 -15.4627
2827 -15.469
2828 -15.4753
2829 -15.4816
2830 -15.4879
2831 -15.4942
2832 -15.5005
2833 -15.5067
2834 -15.513
2835 -15.5193
2836 -15.5256
2837 -15.5319
2838 -15.5382
2839 -15.5445
2840 -15.5507
2841 -15.557
2842 -15.5633
2843 -15.5696
2844 -15.5759
2845 -15.5822
2846 -15.5885
2847 -15.5948
2848 -15.601
2849 -15.6073
2850 -15.6136
2851 -15.6199
2852 -15.6262
2853 -15.6325
2854 -15.6388
2855 -15.645
2856 -15.6513
2857 -15.6576
2858 -15.6639
2859 -15.6702
2860 -15.6765
2861 -15.6828
2862 -15.689
2863 -15.6953
2864 -15.7016
2865 -15.7079
2866 -15.7142
2867 -15.7205
2868 -15.7268
2869 -15.7331
2870 -15.7393
2871 -15.7456
2872 -15.7519
2873 -15.7582
2874 -15.7645
2875 -15.7708
2876 -15.7771
2877 -15.7833
2878 -15.7896
2879 -15.7959
2880 -15.8022
2881 -15.8085
2882 -15.8148
2883 -15.8211
2884 -15.8273
2885 -15.8336
2886 -15.8399
2887 -15.8462
2888 -15.8525
2889 -15.8588
2890 -15.8651
2891 -15.8714
2892 -15.8776
2893 -15.8839
2894 -15.8902
2895 -15.8965
2896 -15.9028
2897 -15.9091
2898 -15.9154
2899 -15.9216
2900 -15.9279
2901 -15.9342
2902 -15.9405
2903 -15.9468
2904 -15.9531
2905 -15.9594
2906 -15.9656
2907 -15.9719
2908 -15.9782
2909 -15.9845
2910 -15.9908
2911 -15.9971
2912 -16.0034
2913 -16.0097
2914 -16.0159
2915 -16.0222
2916 -16.0285
2917 -16.0348
2918 -16.0411
2919 -16.0474
2920 -16.0537
2921 -16.0599
2922 -16.0662
2923 -16.0725
2924 -16.0788
2925 -16.0851
2926 -16.0914
2927 -16.0977
2928 -16.1039
2929 -16.1102
2930 -16.1165
2931 -16.1228
2932 -16.1291
2933 -16.1354
2934 -16.1417
2935 -16.148
2936 -16.1542
2937 -16.1605
2938 -16.1668
2939 -16.1731
2940 -16.1794
2941 -16.1857
2942 -16.192
2943 -16.1982
2944 -16.2045
2945 -16.2108
2946 -16.2171
2947 -16.2234
2948 -16.2297
2949 -16.236
2950 -16.2422
2951 -16.2485
2952 -16.2548
2953 -16.2611
2954 -16.2674
2955 -16.2737
2956 -16.28
2957 -16.2863
2958 -16.2925
2959 -16.2988
2960 -16.3051
2961 -16.3114
2962 -16.3177
2963 -16.324
2964 -16.3303
2965 -16.3365
2966 -16.3428
2967 -16.3491
2968 -16.3554
2969 -16.3617
2970 -16.368
2971 -16.3743
2972 -16.3805
2973 -16.3868
2974 -16.3931
2975 -16.3994
2976 -16.4057
2977 -16.412
2978 -16.4183
2979 -16.4246
2980 -16.4308
2981 -16.4371
2982 -16.4434
2983 -16.4497
2984 -16.456
2985 -16.4623
2986 -16.4686
2987 -16.4748
2988 -16.4811
2989 -16.4874
2990 -16.4937
2991 -16.5
2992 -16.5063
2993 -16.5126
2994 -16.5189
2995 -16.5251
2996 -16.5314
2997 -16.5377
2998 -16.544
2999 -16.5503
3000 -16.5566
3001 -16.5629
3002 -16.5691
3003 -16.5754
3004 -16.5817
3005 -16.588
3006 -16.5943
3007 -16.6006
3008 -16.6069
3009 -16.6131
3010 -16.6194
3011 -16.6257
3012 -16.632
3013 -16.6383
3014 -16.6446
3015 -16.6509
3016 -16.6572
3017 -16.6634
3018 -16.6697
3019 -16.676
3020 -16.6823
3021 -16.6886
3022 -16.6949
3023 -16.7012
3024 -16.7074
3025 -16.7137
3026 -16.72
3027 -16.7263
3028 -16.7326
3029 -16.7389
3030 -16.7452
3031 -16.7514
3032 -16.7577
3033 -16.764
3034 -16.7703
3035 -16.7766
3036 -16.7829
3037 -16.7892
3038 -16.7955
3039 -16.8017
3040 -16.808
3041 -16.8143
3042 -16.8206
3043 -16.8269
3044 -16.8332
3045 -16.8395
3046 -16.8457
3047 -16.852
3048 -16.8583
3049 -16.8646
3050 -16.8709
3051 -16.8772
3052 -16.8835
3053 -16.8897
3054 -16.896
3055 -16.9023
3056 -16.9086
3057 -16.9149
3058 -16.9212
3059 -16.9275
3060 -16.9338
3061 -16.94
3062 -16.9463
3063 -16.9526
3064 -16.9589
3065 -16.9652
3066 -16.9715
3067 -16.9778
3068 -16.984
3069 -16.9903
3070 -16.9966
3071 -17.0029
3072 -17.0092
3073 -17.0155
3074 -17.0218
3075 -17.028
3076 -17.0343
3077 -17.0406
3078 -17.0469
3079 -17.0532
3080 -17.0595
3081 -17.0658
3082 -17.0721
3083 -17.0783
3084 -17.0846
3085 -17.0909
3086 -17.0972
3087 -17.1035
3088 -17.1098
3089 -17.1161
3090 -17.1223
3091 -17.1286
3092 -17.1349
3093 -17.1412
3094 -17.1475
3095 -17.1538
3096 -17.1601
3097 -17.1663
3098 -17.1726
3099 -17.1789
3100 -17.1852
3101 -17.1915
3102 -17.1978
3103 -17.2041
3104 -17.2104
3105 -17.2166
3106 -17.2229
3107 -17.2292
3108 -17.2355
3109 -17.2418
3110 -17.2481
3111 -17.2544
3112 -17.2606
3113 -17.2669
3114 -17.2732
3115 -17.2795
3116 -17.2858
3117 -17.2921
3118 -17.2984
3119 -17.3046
3120 -17.3109
3121 -17.3172
3122 -17.3235
3123 -17.3298
3124 -17.3361
3125 -17.3424
3126 -17.3487
3127 -17.3549
3128 -17.3612
3129 -17.3675
3130 -17.3738
3131 -17.3801
3132 -17.3864
3133 -17.3927
3134 -17.3989
3135 -17.4052
3136 -17.4115
3137 -17.4178
3138 -17.4241
3139 -17.4304
3140 -17.4367
3141 -17.4429
3142 -17.4492
3143 -17.4555
3144 -17.4618
3145 -17.4681
3146 -17.4744
3147 -17.4807
3148 -17.487
3149 -17.4932
3150 -17.4995
3151 -17.5058
3152 -17.5121
3153 -17.5184
3154 -17.5247
3155 -17.531
3156 -17.5372
3157 -17.5435
3158 -17.5498
3159 -17.5561
3160 -17.5624
3161 -17.5687
3162 -17.575
3163 -17.5812
3164 -17.5875
3165 -17.5938
3166 -17.6001
3167 -17.6064
3168 -17.6127
3169 -17.619
3170 -17.6253
3171 -17.6315
3172 -17.6378
3173 -17.6441
3174 -17.6504
3175 -17.6567
3176 -17.663
3177 -17.6693
3178 -17.6755
3179 -17.6818
3180 -17.6881
3181 -17.6944
3182 -17.7007
3183 -17.707
3184 -17.7133
3185 -17.7195
3186 -17.7258
3187 -17.7321
3188 -17.7384
3189 -17.7447
3190 -17.751
3191 -17.7573
3192 -17.7636
3193 -17.7698
3194 -17.7761
3195 -17.7824
3196 -17.7887
3197 -17.795
3198 -17.8013
3199 -17.8076
3200 -17.8138
3201 -17.8201
3202 -17.8264
3203 -17.8327
3204 -17.839
3205 -17.8453
3206 -17.8516
3207 -17.8579
3208 -17.8641
3209 -17.8704
3210 -17.8767
3211 -17.883
3212 -17.8893
3213 -17.8956
3214 -17.9019
3215 -17.9081
3216 -17.9144
3217 -17.9207
3218 -17.927
3219 -17.9333
3220 -17.9396
3221 -17.9459
3222 -17.9521
3223 -17.9584
3224 -17.9647
3225 -17.971
3226 -17.9773
3227 -17.9836
3228 -17.9899
3229 -17.9962
3230 -18.0024
3231 -18.0087
3232 -18.015
3233 -18.0213
3234 -18.0276
3235 -18.0339
3236 -18.0402
3237 -18.0464
3238 -18.0527
3239 -18.059
3240 -18.0653
3241 -18.0716
3242 -18.0779
3243 -18.0842
3244 -18.0904
3245 -18.0967
3246 -18.103
3247 -18.1093
3248 -18.1156
3249 -18.1219
3250 -18.1282
3251 -18.1345
3252 -18.1407
3253 -18.147
3254 -18.1533
3255 -18.1596
3256 -18.1659
3257 -18.1722
3258 -18.1785
3259 -18.1847
3260 -18.191
3261 -18.1973
3262 -18.2036
3263 -18.2099
3264 -18.2162
3265 -18.2225
3266 -18.2287
3267 -18.235
3268 -18.2413
3269 -18.2476
3270 -18.2539
3271 -18.2602
3272 -18.2665
3273 -18.2728
3274 -18.279
3275 -18.2853
3276 -18.2916
3277 -18.2979
3278 -18.3042
3279 -18.3105
3280 -18.3168
3281 -18.323
3282 -18.3293
3283 -18.3356
3284 -18.3419
3285 -18.3482
3286 -18.3545
3287 -18.3608
3288 -18.367
3289 -18.3733
3290 -18.3796
3291 -18.3859
3292 -18.3922
3293 -18.3985
3294 -18.4048
3295 -18.4111
3296 -18.4173
3297 -18.4236
3298 -18.4299
3299 -18.4362
3300 -18.4425
3301 -18.4488
3302 -18.4551
3303 -18.4613
3304 -18.4676
3305 -18.4739
3306 -18.4802
3307 -18.4865
3308 -18.4928
3309 -18.4991
3310 -18.5053
3311 -18.5116
3312 -18.5179
3313 -18.5242
3314 -18.5305
3315 -18.5368
3316 -18.5431
3317 -18.5494
3318 -18.5556
3319 -18.5619
3320 -18.5682
3321 -18.5745
3322 -18.5808
3323 -18.5871
3324 -18.5934
3325 -18.5996
3326 -18.6059
3327 -18.6122
3328 -18.6185
3329 -18.6248
3330 -18.6311
3331 -18.6374
3332 -18.6436
3333 -18.6499
3334 -18.6562
3335 -18.6625
3336 -18.6688
3337 -18.6751
3338 -18.6814
3339 -18.6877
3340 -18.6939
3341 -18.7002
3342 -18.7065
3343 -18.7128
3344 -18.7191
3345 -18.7254
3346 -18.7317
3347 -18.7379
3348 -18.7442
3349 -18.7505
3350 -18.7568
3351 -18.7631
3352 -18.7694
3353 -18.7757
3354 -18.7819
3355 -18.7882
3356 -18.7945
3357 -18.8008
3358 -18.8071
3359 -18.8134
3360 -18.8197
3361 -18.826
3362 -18.8322
3363 -18.8385
3364 -18.8448
3365 -18.8511
3366 -18.8574
3367 -18.8637
3368 -18.87
3369 -18.8762
3370 -18.8825
3371 -18.8888
3372 -18.8951
3373 -18.9014
3374 -18.9077
3375 -18.914
3376 -18.9202
3377 -18.9265
3378 -18.9328
3379 -18.9391
3380 -18.9454
3381 -18.9517
3382 -18.958
3383 -18.9643
3384 -18.9705
3385 -18.9768
3386 -18.9831
3387 -18.9894
3388 -18.9957
3389 -19.002
3390 -19.0083
3391 -19.0145
3392 -19.0208
3393 -19.0271
3394 -19.0334
3395 -19.0397
3396 -19.046
3397 -19.0523
3398 -19.0586
3399 -19.0648
3400 -19.0711
3401 -19.0774
3402 -19.0837
3403 -19.09
3404 -19.0963
3405 -19.1026
3406 -19.1088
3407 -19.1151
3408 -19.1214
3409 -19.1277
3410 -19.134
3411 -19.1403
3412 -19.1466
3413 -19.1528
3414 -19.1591
3415 -19.1654
3416 -19.1717
3417 -19.178
3418 -19.1843
3419 -19.1906
3420 -19.1969
3421 -19.2031
3422 -19.2094
3423 -19.2157
3424 -19.222
3425 -19.2283
3426 -19.2346
3427 -19.2409
3428 -19.2471
3429 -19.2534
3430 -19.2597
3431 -19.266
3432 -19.2723
3433 -19.2786
3434 -19.2849
3435 -19.2911
3436 -19.2974
3437 -19.3037
3438 -19.31
3439 -19.3163
3440 -19.3226
3441 -19.3289
3442 -19.3352
3443 -19.3414
3444 -19.3477
3445 -19.354
3446 -19.3603
3447 -19.3666
3448 -19.3729
3449 -19.3792
3450 -19.3854
3451 -19.3917
3452 -19.398
3453 -19.4043
3454 -19.4106
3455 -19.4169
3456 -19.4232
3457 -19.4294
3458 -19.4357
3459 -19.442
3460 -19.4483
3461 -19.4546
3462 -19.4609
3463 -19.4672
3464 -19.4735
3465 -19.4797
3466 -19.486
3467 -19.4923
3468 -19.4986
3469 -19.5049
3470 -19.5112
3471 -19.5175
3472 -19.5237
3473 -19.53
3474 -19.5363
3475 -19.5426
3476 -19.5489
3477 -19.5552
3478 -19.5615
3479 -19.5677
3480 -19.574
3481 -19.5803
3482 -19.5866
3483 -19.5929
3484 -19.5992
3485 -19.6055
3486 -19.6118
3487 -19.618
3488 -19.6243
3489 -19.6306
3490 -19.6369
3491 -19.6432
3492 -19.6495
3493 -19.6558
3494 -19.662
3495 -19.6683
3496 -19.6746
3497 -19.6809
3498 -19.6872
3499 -19.6935
3500 -19.6998
3501 -19.706
3502 -19.7123
3503 -19.7186
3504 -19.7249
3505 -19.7312
3506 -19.7375
3507 -19.7438
3508 -19.7501
3509 -19.7563
3510 -19.7626
3511 -19.7689
3512 -19.7752
3513 -19.7815
3514 -19.7878
3515 -19.7941
3516 -19.8003
3517 -19.8066
3518 -19.8129
3519 -19.8192
3520 -19.8255
3521 -19.8318
3522 -19.8381
3523 -19.8443
3524 -19.8506
3525 -19.8569
3526 -19.8632
3527 -19.8695
3528 -19.8758
3529 -19.8821
3530 -19.8884
3531 -19.8946
3532 -19.9009
3533 -19.9072
3534 -19.9135
3535 -19.9198
3536 -19.9261
3537 -19.9324
3538 -19.9386
3539 -19.9449
3540 -19.9512
3541 -19.9575
3542 -19.9638
3543 -19.9701
3544 -19.9764
3545 -19.9826
3546 -19.9889
3547 -19.9952
3548 -20.0015
3549 -20.0078
3550 -20.0141
3551 -20.0204
3552 -20.0267
3553 -20.0329
3554 -20.0392
3555 -20.0455
3556 -20.0518
3557 -20.0581
3558 -20.0644
3559 -20.0707
3560 -20.0769
3561 -20.0832
3562 -20.0895
3563 -20.0958
3564 -20.1021
3565 -20.1084
3566 -20.1147
3567 -20.1209
3568 -20.1272
3569 -20.1335
3570 -20.1398
3571 -20.1461
3572 -20.1524
3573 -20.1587
3574 -20.165
3575 -20.1712
3576 -20.1775
3577 -20.1838
3578 -20.1901
3579 -20.1964
3580 -20.2027
3581 -20.209
3582 -20.2152
3583 -20.2215
3584 -20.2278
3585 -20.2341
3586 -20.2404
3587 -20.2467
3588 -20.253
3589 -20.2592
3590 -20.2655
3591 -20.2718
3592 -20.2781
3593 -20.2844
3594 -20.2907
3595 -20.297
3596 -20.3032
3597 -20.3095
3598 -20.3158
3599 -20.3221
3600 -20.3284
3601 -20.3347
3602 -20.341
3603 -20.3473
3604 -20.3535
3605 -20.3598
3606 -20.3661
3607 -20.3724
3608 -20.3787
3609 -20.385
3610 -20.3913
3611 -20.3975
3612 -20.4038
3613 -20.4101
3614 -20.4164
3615 -20.4227
3616 -20.429
3617 -20.4353
3618 -20.4416
3619 -20.4478
3620 -20.4541
3621 -20.4604
3622 -20.4667
3623 -20.473
3624 -20.4793
3625 -20.4856
3626 -20.4918
3627 -20.4981
3628 -20.5044
3629 -20.5107
3630 -20.517
3631 -20.5233
3632 -20.5296
3633 -20.5358
3634 -20.5421
3635 -20.5484
3636 -20.5547
3637 -20.561
3638 -20.5673
3639 -20.5736
3640 -20.5799
3641 -20.5861
3642 -20.5924
3643 -20.5987
3644 -20.605
3645 -20.6113
3646 -20.6176
3647 -20.6239
3648 -20.6301
3649 -20.6364
3650 -20.6427
3651 -20.649
3652 -20.6553
3653 -20.6616
3654 -20.6679
3655 -20.6741
3656 -20.6804
3657 -20.6867
3658 -20.693
3659 -20.6993
3660 -20.7056
3661 -20.7119
3662 -20.7182
3663 -20.7244
3664 -20.7307
3665 -20.737
3666 -20.7433
3667 -20.7496
3668 -20.7559
3669 -20.7622
3670 -20.7684
3671 -20.7747
3672 -20.781
3673 -20.7873
3674 -20.7936
3675 -20.7999
3676 -20.8062
3677 -20.8124
3678 -20.8187
3679 -20.825
3680 -20.8313
3681 -20.8376
3682 -20.8439
3683 -20.8502
3684 -20.8564
3685 -20.8627
3686 -20.869
3687 -20.8753
3688 -20.8816
3689 -20.8879
3690 -20.8942
3691 -20.9005
3692 -20.9067
3693 -20.913
3694 -20.9193
3695 -20.9256
3696 -20.9319
3697 -20.9382
3698 -20.9445
3699 -20.9507
3700 -20.957
3701 -20.9633
3702 -20.9696
3703 -20.9759
3704 -20.9822
3705 -20.9885
3706 -20.9948
3707 -21.001
3708 -21.0073
3709 -21.0136
3710 -21.0199
3711 -21.0262
3712 -21.0325
3713 -21.0388
3714 -21.045
3715 -21.0513
3716 -21.0576
3717 -21.0639
3718 -21.0702
3719 -21.0765
3720 -21.0828
3721 -21.089
3722 -21.0953
3723 -21.1016
3724 -21.1079
3725 -21.1142
3726 -21.1205
3727 -21.1268
3728 -21.133
3729 -21.1393
3730 -21.1456
3731 -21.1519
3732 -21.1582
3733 -21.1645
3734 -21.1708
3735 -21.177
3736 -21.1833
3737 -21.1896
3738 -21.1959
3739 -21.2022
3740 -21.2085
3741 -21.2148
3742 -21.2211
3743 -21.2273
3744 -21.2336
3745 -21.2399
3746 -21.2462
3747 -21.2525
3748 -21.2588
3749 -21.2651
3750 -21.2713
3751 -21.2776
3752 -21.2839
3753 -21.2902
3754 -21.2965
3755 -21.3028
3756 -21.3091
3757 -21.3154
3758 -21.3216
3759 -21.3279
3760 -21.3342
3761 -21.3405
3762 -21.3468
3763 -21.3531
3764 -21.3594
3765 -21.3657
3766 -21.3719
3767 -21.3782
3768 -21.3845
3769 -21.3908
3770 -21.3971
3771 -21.4034
3772 -21.4097
3773 -21.4159
3774 -21.4222
3775 -21.4285
3776 -21.4348
3777 -21.4411
3778 -21.4474
3779 -21.4537
3780 -21.4599
3781 -21.4662
3782 -21.4725
3783 -21.4788
3784 -21.4851
3785 -21.4914
3786 -21.4977
3787 -21.5039
3788 -21.5102
3789 -21.5165
3790 -21.5228
3791 -21.5291
3792 -21.5354
3793 -21.5417
3794 -21.548
3795 -21.5542
3796 -21.5605
3797 -21.5668
3798 -21.5731
3799 -21.5794
3800 -21.5857
3801 -21.592
3802 -21.5982
3803 -21.6045
3804 -21.6108
3805 -21.6171
3806 -21.6234
3807 -21.6297
3808 -21.636
3809 -21.6423
3810 -21.6485
3811 -21.6548
3812 -21.6611
3813 -21.6674
3814 -21.6737
3815 -21.68
3816 -21.6863
3817 -21.6926
3818 -21.6988
3819 -21.7051
3820 -21.7114
3821 -21.7177
3822 -21.724
3823 -21.7303
3824 -21.7366
3825 -21.7428
3826 -21.7491
3827 -21.7554
3828 -21.7617
3829 -21.768
3830 -21.7743
3831 -21.7806
3832 -21.7868
3833 -21.7931
3834 -21.7994
3835 -21.8057
3836 -21.812
3837 -21.8183
3838 -21.8246
3839 -21.8308
3840 -21.8371
3841 -21.8434
3842 -21.8497
3843 -21.856
3844 -21.8623
3845 -21.8686
3846 -21.8748
3847 -21.8811
3848 -21.8874
3849 -21.8937
3850 -21.9
3851 -21.9063
3852 -21.9126
3853 -21.9189
3854 -21.9252
3855 -21.9314
3856 -21.9377
3857 -21.944
3858 -21.9503
3859 -21.9566
3860 -21.9629
3861 -21.9692
3862 -21.9754
3863 -21.9817
3864 -21.988
3865 -21.9943
3866 -22.0006
3867 -22.0069
3868 -22.0132
3869 -22.0195
3870 -22.0257
3871 -22.032
3872 -22.0383
3873 -22.0446
3874 -22.0509
3875 -22.0572
3876 -22.0635
3877 -22.0697
3878 -22.076
3879 -22.0823
3880 -22.0886
3881 -22.0949
3882 -22.1012
3883 -22.1075
3884 -22.1138
3885 -22.12
3886 -22.1263
3887 -22.1326
3888 -22.1389
3889 -22.1452
3890 -22.1515
3891 -22.1578
3892 -22.164
3893 -22.1703
3894 -22.1766
3895 -22.1829
3896 -22.1892
3897 -22.1955
3898 -22.2018
3899 -22.208
3900 -22.2143
3901 -22.2206
3902 -22.2269
3903 -22.2332
3904 -22.2395
3905 -22.2458
3906 -22.2521
3907 -22.2583
3908 -22.2646
3909 -22.2709
3910 -22.2772
3911 -22.2835
3912 -22.2898
3913 -22.2961
3914 -22.3023
3915 -22.3086
3916 -22.3149
3917 -22.3212
3918 -22.3275
3919 -22.3338
3920 -22.3401
3921 -22.3463
3922 -22.3526
3923 -22.3589
3924 -22.3652
3925 -22.3715
3926 -22.3778
3927 -22.3841
3928 -22.3903
3929 -22.3966
3930 -22.4029
3931 -22.4092
3932 -22.4155
3933 -22.4218
3934 -22.4281
3935 -22.4344
3936 -22.4406
3937 -22.4469
3938 -22.4532
3939 -22.4595
3940 -22.4658
3941 -22.4721
3942 -22.4784
3943 -22.4846
3944 -22.4909
3945 -22.4972
3946 -22.5035
3947 -22.5098
3948 -22.5161
3949 -22.5224
3950 -22.5287
3951 -22.535
3952 -22.5412
3953 -22.5475
3954 -22.5538
3955 -22.5601
3956 -22.5664
3957 -22.5727
3958 -22.5789
3959 -22.5852
3960 -22.5915
3961 -22.5978
3962 -22.6041
3963 -22.6104
3964 -22.6167
3965 -22.623
3966 -22.6292
3967 -22.6355
3968 -22.6418
3969 -22.6481
3970 -22.6544
3971 -22.6607
3972 -22.667
3973 -22.6733
3974 -22.6796
3975 -22.6859
3976 -22.6921
3977 -22.6984
3978 -22.7047
3979 -22.711
3980 -22.7173
3981 -22.7236
3982 -22.7299
3983 -22.7361
3984 -22.7424
3985 -22.7487
3986 -22.755
3987 -22.7613
3988 -22.7676
3989 -22.7739
3990 -22.7802
3991 -22.7865
3992 -22.7927
3993 -22.799
3994 -22.8053
3995 -22.8116
3996 -22.8179
3997 -22.8242
3998 -22.8305
3999 -22.8367
4000 -22.843
4001 -22.8493
4002 -22.8556
4003 -22.8619
4004 -22.8682
4005 -22.8745
4006 -22.8808
4007 -22.8871
4008 -22.8933
4009 -22.8996
4010 -22.9059
4011 -22.9122
4012 -22.9185
4013 -22.9248
4014 -22.9311
4015 -22.9374
4016 -22.9436
4017 -22.9499
4018 -22.9562
4019 -22.9625
4020 -22.9688
4021 -22.9751
4022 -22.9813
4023 -22.9876
4024 -22.9939
4025 -23.0002
4026 -23.0065
4027 -23.0128
4028 -23.0191
4029 -23.0254
