0 4.60767
1 4.16935
2 3.95258
3 3.80292
4 3.68742
5 3.59291
6 3.5127
7 3.44288
8 3.38096
9 3.32525
10 3.27456
11 3.22801
12 3.18493
13 3.1448
14 3.10723
15 3.07186
16 3.03845
17 3.00675
18 2.9766
19 2.94782
20 2.92028
21 2.89386
22 2.86848
23 2.84403
24 2.82044
25 2.79764
26 2.77558
27 2.75419
28 2.73344
29 2.71327
30 2.69365
31 2.67455
32 2.65592
33 2.63775
34 2.62
35 2.60266
36 2.58569
37 2.56908
38 2.55282
39 2.53687
40 2.52123
41 2.50588
42 2.49081
43 2.476
44 2.46144
45 2.44713
46 2.43304
47 2.41917
48 2.40552
49 2.39206
50 2.3788
51 2.36573
52 2.35283
53 2.34011
54 2.32755
55 2.31515
56 2.3029
57 2.2908
58 2.27885
59 2.26703
60 2.25534
61 2.24378
62 2.23235
63 2.22103
64 2.20983
65 2.19874
66 2.18777
67 2.17689
68 2.16612
69 2.15545
70 2.14487
71 2.13439
72 2.124
73 2.11369
74 2.10347
75 2.09333
76 2.08328
77 2.0733
78 2.06339
79 2.05357
80 2.04381
81 2.03412
82 2.0245
83 2.01495
84 2.00547
85 1.99604
86 1.98668
87 1.97738
88 1.96814
89 1.95895
90 1.94982
91 1.94075
92 1.93172
93 1.92275
94 1.91383
95 1.90496
96 1.89614
97 1.88737
98 1.87864
99 1.86996
100 1.86132
101 1.85272
102 1.84417
103 1.83565
104 1.82718
105 1.81875
106 1.81036
107 1.802
108 1.79368
109 1.7854
110 1.77715
111 1.76894
112 1.76076
113 1.75262
114 1.74451
115 1.73643
116 1.72838
117 1.72036
118 1.71237
119 1.70442
120 1.69649
121 1.68859
122 1.68071
123 1.67287
124 1.66505
125 1.65726
126 1.6495
127 1.64176
128 1.63404
129 1.62635
130 1.61868
131 1.61104
132 1.60342
133 1.59582
134 1.58825
135 1.5807
136 1.57316
137 1.56565
138 1.55817
139 1.5507
140 1.54325
141 1.53582
142 1.52841
143 1.52102
144 1.51365
145 1.50629
146 1.49896
147 1.49164
148 1.48434
149 1.47705
150 1.46979
151 1.46254
152 1.45531
153 1.44809
154 1.44089
155 1.4337
156 1.42653
157 1.41937
158 1.41223
159 1.40511
160 1.39799
161 1.3909
162 1.38381
163 1.37674
164 1.36968
165 1.36264
166 1.35561
167 1.34859
168 1.34158
169 1.33459
170 1.32761
171 1.32064
172 1.31368
173 1.30674
174 1.2998
175 1.29288
176 1.28597
177 1.27907
178 1.27218
179 1.2653
180 1.25843
181 1.25157
182 1.24472
183 1.23788
184 1.23105
185 1.22423
186 1.21742
187 1.21062
188 1.20383
189 1.19705
190 1.19028
191 1.18351
192 1.17676
193 1.17001
194 1.16327
195 1.15654
196 1.14982
197 1.1431
198 1.1364
199 1.1297
200 1.12301
201 1.11633
202 1.10965
203 1.10298
204 1.09632
205 1.08967
206 1.08302
207 1.07638
208 1.06975
209 1.06313
210 1.05651
211 1.04989
212 1.04329
213 1.03669
214 1.0301
215 1.02351
216 1.01693
217 1.01035
218 1.00379
219 0.997223
220 0.990666
221 0.984115
222 0.977569
223 0.971029
224 0.964495
225 0.957966
226 0.951442
227 0.944924
228 0.938411
229 0.931902
230 0.925399
231 0.918901
232 0.912408
233 0.90592
234 0.899436
235 0.892958
236 0.886484
237 0.880014
238 0.873549
239 0.867089
240 0.860632
241 0.854181
242 0.847733
243 0.84129
244 0.834851
245 0.828416
246 0.821985
247 0.815558
248 0.809135
249 0.802716
250 0.796301
251 0.78989
252 0.783482
253 0.777078
254 0.770678
255 0.764281
256 0.757888
257 0.751498
258 0.745112
259 0.738729
260 0.73235
261 0.725974
262 0.719601
263 0.713231
264 0.706865
265 0.700502
266 0.694142
267 0.687785
268 0.681431
269 0.675079
270 0.668731
271 0.662386
272 0.656044
273 0.649704
274 0.643368
275 0.637034
276 0.630702
277 0.624374
278 0.618048
279 0.611725
280 0.605404
281 0.599086
282 0.59277
283 0.586457
284 0.580147
285 0.573838
286 0.567532
287 0.561229
288 0.554928
289 0.548629
290 0.542332
291 0.536038
292 0.529746
293 0.523456
294 0.517168
295 0.510882
296 0.504599
297 0.498317
298 0.492037
299 0.48576
300 0.479484
301 0.473211
302 0.466939
303 0.46067
304 0.454402
305 0.448136
306 0.441872
307 0.43561
308 0.429349
309 0.423091
310 0.416834
311 0.410578
312 0.404325
313 0.398073
314 0.391823
315 0.385574
316 0.379328
317 0.373082
318 0.366839
319 0.360596
320 0.354356
321 0.348117
322 0.341879
323 0.335643
324 0.329408
325 0.323175
326 0.316943
327 0.310713
328 0.304484
329 0.298256
330 0.29203
331 0.285805
332 0.279582
333 0.273359
334 0.267138
335 0.260919
336 0.2547
337 0.248483
338 0.242267
339 0.236052
340 0.229839
341 0.223626
342 0.217415
343 0.211205
344 0.204996
345 0.198788
346 0.192581
347 0.186376
348 0.180171
349 0.173968
350 0.167765
351 0.161564
352 0.155363
353 0.149164
354 0.142965
355 0.136768
356 0.130572
357 0.124376
358 0.118182
359 0.111988
360 0.105796
361 0.0996038
362 0.093413
363 0.087223
364 0.081034
365 0.0748458
366 0.0686585
367 0.062472
368 0.0562864
369 0.0501016
370 0.0439176
371 0.0377344
372 0.0315521
373 0.0253705
374 0.0191896
375 0.0130096
376 0.0068303
377 0.000651761
378 -0.00552604
379 -0.0117031
380 -0.0178795
381 -0.0240551
382 -0.03023
383 -0.0364043
384 -0.0425778
385 -0.0487507
386 -0.0549229
387 -0.0610945
388 -0.0672654
389 -0.0734356
390 -0.0796052
391 -0.0857742
392 -0.0919426
393 -0.0981104
394 -0.104278
395 -0.110444
396 -0.11661
397 -0.122775
398 -0.12894
399 -0.135104
400 -0.141268
401 -0.147431
402 -0.153594
403 -0.159756
404 -0.165917
405 -0.172078
406 -0.178239
407 -0.184399
408 -0.190558
409 -0.196717
410 -0.202875
411 -0.209033
412 -0.215191
413 -0.221348
414 -0.227504
415 -0.23366
416 -0.239816
417 -0.245971
418 -0.252126
419 -0.25828
420 -0.264434
421 -0.270587
422 -0.27674
423 -0.282893
424 -0.289045
425 -0.295196
426 -0.301348
427 -0.307499
428 -0.313649
429 -0.319799
430 -0.325949
431 -0.332098
432 -0.338247
433 -0.344396
434 -0.350544
435 -0.356692
436 -0.362839
437 -0.368987
438 -0.375133
439 -0.38128
440 -0.387426
441 -0.393572
442 -0.399717
443 -0.405862
444 -0.412007
445 -0.418151
446 -0.424296
447 -0.430439
448 -0.436583
449 -0.442726
450 -0.448869
451 -0.455012
452 -0.461154
453 -0.467296
454 -0.473438
455 -0.479579
456 -0.48572
457 -0.491861
458 -0.498002
459 -0.504142
460 -0.510282
461 -0.516422
462 -0.522562
463 -0.528701
464 -0.53484
465 -0.540979
466 -0.547118
467 -0.553256
468 -0.559394
469 -0.565532
470 -0.571669
471 -0.577807
472 -0.583944
473 -0.590081
474 -0.596218
475 -0.602354
476 -0.60849
477 -0.614626
478 -0.620762
479 -0.626898
480 -0.633033
481 -0.639168
482 -0.645303
483 -0.651438
484 -0.657573
485 -0.663707
486 -0.669841
487 -0.675975
488 -0.682109
489 -0.688243
490 -0.694376
491 -0.70051
492 -0.706643
493 -0.712776
494 -0.718908
495 -0.725041
496 -0.731173
497 -0.737306
498 -0.743438
499 -0.74957
500 -0.755701
501 -0.761833
502 -0.767964
503 -0.774096
504 -0.780227
505 -0.786358
506 -0.792489
507 -0.798619
508 -0.80475
509 -0.81088
510 -0.81701
511 -0.823141
512 -0.829271
513 -0.8354
514 -0.84153
515 -0.84766
516 -0.853789
517 -0.859918
518 -0.866047
519 -0.872176
520 -0.878305
521 -0.884434
522 -0.890563
523 -0.896691
524 -0.90282
525 -0.908948
526 -0.915076
527 -0.921204
528 -0.927332
529 -0.93346
530 -0.939588
531 -0.945715
532 -0.951843
533 -0.95797
534 -0.964097
535 -0.970225
536 -0.976352
537 -0.982479
538 -0.988605
539 -0.994732
540 -1.00086
541 -1.00699
542 -1.01311
543 -1.01924
544 -1.02536
545 -1.03149
546 -1.03762
547 -1.04374
548 -1.04987
549 -1.05599
550 -1.06212
551 -1.06825
552 -1.07437
553 -1.0805
554 -1.08662
555 -1.09275
556 -1.09887
557 -1.105
558 -1.11112
559 -1.11725
560 -1.12337
561 -1.1295
562 -1.13562
563 -1.14175
564 -1.14787
565 -1.154
566 -1.16012
567 -1.16625
568 -1.17237
569 -1.17849
570 -1.18462
571 -1.19074
572 -1.19687
573 -1.20299
574 -1.20911
575 -1.21524
576 -1.22136
577 -1.22749
578 -1.23361
579 -1.23973
580 -1.24586
581 -1.25198
582 -1.2581
583 -1.26423
584 -1.27035
585 -1.27647
586 -1.2826
587 -1.28872
588 -1.29484
589 -1.30097
590 -1.30709
591 -1.31321
592 -1.31933
593 -1.32546
594 -1.33158
595 -1.3377
596 -1.34383
597 -1.34995
598 -1.35607
599 -1.36219
600 -1.36832
601 -1.37444
602 -1.38056
603 -1.38668
604 -1.39281
605 -1.39893
606 -1.40505
607 -1.41117
608 -1.41729
609 -1.42342
610 -1.42954
611 -1.43566
612 -1.44178
613 -1.4479
614 -1.45403
615 -1.46015
616 -1.46627
617 -1.47239
618 -1.47851
619 -1.48464
620 -1.49076
621 -1.49688
622 -1.503
623 -1.50912
624 -1.51524
625 -1.52136
626 -1.52749
627 -1.53361
628 -1.53973
629 -1.54585
630 -1.55197
631 -1.55809
632 -1.56421
633 -1.57034
634 -1.57646
635 -1.58258
636 -1.5887
637 -1.59482
638 -1.60094
639 -1.60706
640 -1.61318
641 -1.6193
642 -1.62542
643 -1.63155
644 -1.63767
645 -1.64379
646 -1.64991
647 -1.65603
648 -1.66215
649 -1.66827
650 -1.67439
651 -1.68051
652 -1.68663
653 -1.69275
654 -1.69887
655 -1.70499
656 -1.71112
657 -1.71724
658 -1.72336
659 -1.72948
660 -1.7356
661 -1.74172
662 -1.74784
663 -1.75396
664 -1.76008
665 -1.7662
666 -1.77232
667 -1.77844
668 -1.78456
669 -1.79068
670 -1.7968
671 -1.80292
672 -1.80904
673 -1.81516
674 -1.82128
675 -1.8274
676 -1.83352
677 -1.83964
678 -1.84576
679 -1.85188
680 -1.858
681 -1.86412
682 -1.87024
683 -1.87636
684 -1.88248
685 -1.8886
686 -1.89472
687 -1.90084
688 -1.90696
689 -1.91308
690 -1.9192
691 -1.92532
692 -1.93144
693 -1.93756
694 -1.94368
695 -1.9498
696 -1.95592
697 -1.96204
698 -1.96816
699 -1.97428
700 -1.9804
701 -1.98652
702 -1.99264
703 -1.99876
704 -2.00488
705 -2.011
706 -2.01712
707 -2.02324
708 -2.02936
709 -2.03548
710 -2.0416
711 -2.04772
712 -2.05384
713 -2.05996
714 -2.06608
715 -2.0722
716 -2.07832
717 -2.08444
718 -2.09056
719 -2.09668
720 -2.1028
721 -2.10891
722 -2.11503
723 -2.12115
724 -2.12727
725 -2.13339
726 -2.13951
727 -2.14563
728 -2.15175
729 -2.15787
730 -2.16399
731 -2.17011
732 -2.17623
733 -2.18235
734 -2.18847
735 -2.19459
736 -2.20071
737 -2.20683
738 -2.21295
739 -2.21906
740 -2.22518
741 -2.2313
742 -2.23742
743 -2.24354
744 -2.24966
745 -2.25578
746 -2.2619
747 -2.26802
748 -2.27414
749 -2.28026
750 -2.28638
751 -2.2925
752 -2.29862
753 -2.30473
754 -2.31085
755 -2.31697
756 -2.32309
757 -2.32921
758 -2.33533
759 -2.34145
760 -2.34757
761 -2.35369
762 -2.35981
763 -2.36593
764 -2.37205
765 -2.37817
766 -2.38428
767 -2.3904
768 -2.39652
769 -2.40264
770 -2.40876
771 -2.41488
772 -2.421
773 -2.42712
774 -2.43324
775 -2.43936
776 -2.44548
777 -2.4516
778 -2.45771
779 -2.46383
780 -2.46995
781 -2.47607
782 -2.48219
783 -2.48831
784 -2.49443
785 -2.50055
786 -2.50667
787 -2.51279
788 -2.51891
789 -2.52502
790 -2.53114
791 -2.53726
792 -2.54338
793 -2.5495
794 -2.55562
795 -2.56174
796 -2.56786
797 -2.57398
798 -2.5801
799 -2.58621
800 -2.59233
801 -2.59845
802 -2.60457
803 -2.61069
804 -2.61681
805 -2.62293
806 -2.62905
807 -2.63517
808 -2.64129
809 -2.6474
810 -2.65352
811 -2.65964
812 -2.66576
813 -2.67188
814 -2.678
815 -2.68412
816 -2.69024
817 -2.69636
818 -2.70247
819 -2.70859
820 -2.71471
821 -2.72083
822 -2.72695
823 -2.73307
824 -2.73919
825 -2.74531
826 -2.75143
827 -2.75755
828 -2.76366
829 -2.76978
830 -2.7759
831 -2.78202
832 -2.78814
833 -2.79426
834 -2.80038
835 -2.8065
836 -2.81262
837 -2.81873
838 -2.82485
839 -2.83097
840 -2.83709
841 -2.84321
842 -2.84933
843 -2.85545
844 -2.86157
845 -2.86769
846 -2.8738
847 -2.87992
848 -2.88604
849 -2.89216
850 -2.89828
851 -2.9044
852 -2.91052
853 -2.91664
854 -2.92276
855 -2.92887
856 -2.93499
857 -2.94111
858 -2.94723
859 -2.95335
860 -2.95947
861 -2.96559
862 -2.97171
863 -2.97782
864 -2.98394
865 -2.99006
866 -2.99618
867 -3.0023
868 -3.00842
869 -3.01454
870 -3.02066
871 -3.02678
872 -3.03289
873 -3.03901
874 -3.04513
875 -3.05125
876 -3.05737
877 -3.06349
878 -3.06961
879 -3.07573
880 -3.08184
881 -3.08796
882 -3.09408
883 -3.1002
884 -3.10632
885 -3.11244
886 -3.11856
887 -3.12468
888 -3.13079
889 -3.13691
890 -3.14303
891 -3.14915
892 -3.15527
893 -3.16139
894 -3.16751
895 -3.17363
896 -3.17975
897 -3.18586
898 -3.19198
899 -3.1981
900 -3.20422
901 -3.21034
902 -3.21646
903 -3.22258
904 -3.2287
905 -3.23481
906 -3.24093
907 -3.24705
908 -3.25317
909 -3.25929
910 -3.26541
911 -3.27153
912 -3.27765
913 -3.28376
914 -3.28988
915 -3.296
916 -3.30212
917 -3.30824
918 -3.31436
919 -3.32048
920 -3.3266
921 -3.33271
922 -3.33883
923 -3.34495
924 -3.35107
925 -3.35719
926 -3.36331
927 -3.36943
928 -3.37555
929 -3.38166
930 -3.38778
931 -3.3939
932 -3.40002
933 -3.40614
934 -3.41226
935 -3.41838
936 -3.4245
937 -3.43061
938 -3.43673
939 -3.44285
940 -3.44897
941 -3.45509
942 -3.46121
943 -3.46733
944 -3.47345
945 -3.47956
946 -3.48568
947 -3.4918
948 -3.49792
949 -3.50404
950 -3.51016
951 -3.51628
952 -3.5224
953 -3.52851
954 -3.53463
955 -3.54075
956 -3.54687
957 -3.55299
958 -3.55911
959 -3.56523
960 -3.57135
961 -3.57746
962 -3.58358
963 -3.5897
964 -3.59582
965 -3.60194
966 -3.60806
967 -3.61418
968 -3.62029
969 -3.62641
970 -3.63253
971 -3.63865
972 -3.64477
973 -3.65089
974 -3.65701
975 -3.66313
976 -3.66924
977 -3.67536
978 -3.68148
979 -3.6876
980 -3.69372
981 -3.69984
982 -3.70596
983 -3.71208
984 -3.71819
985 -3.72431
986 -3.73043
987 -3.73655
988 -3.74267
989 -3.74879
990 -3.75491
991 -3.76103
992 -3.76714
993 -3.77326
994 -3.77938
995 -3.7855
996 -3.79162
997 -3.79774
998 -3.80386
999 -3.80997
1000 -3.81609
1001 -3.82221
1002 -3.82833
1003 -3.83445
1004 -3.84057
1005 -3.84669
1006 -3.85281
1007 -3.85892
1008 -3.86504
1009 -3.87116
1010 -3.87728
1011 -3.8834
1012 -3.88952
1013 -3.89564
1014 -3.90176
1015 -3.90787
1016 -3.91399
1017 -3.92011
1018 -3.92623
1019 -3.93235
1020 -3.93847
1021 -3.94459
1022 -3.95071
1023 -3.95682
1024 -3.96294
1025 -3.96906
1026 -3.97518
1027 -3.9813
1028 -3.98742
1029 -3.99354
1030 -3.99965
1031 -4.00577
1032 -4.01189
1033 -4.01801
1034 -4.02413
1035 -4.03025
1036 -4.03637
1037 -4.04249
1038 -4.0486
1039 -4.05472
1040 -4.06084
1041 -4.06696
1042 -4.07308
1043 -4.0792
1044 -4.08532
1045 -4.09144
1046 -4.09755
1047 -4.10367
1048 -4.10979
1049 -4.11591
1050 -4.12203
1051 -4.12815
1052 -4.13427
1053 -4.14038
1054 -4.1465
1055 -4.15262
1056 -4.15874
1057 -4.16486
1058 -4.17098
1059 -4.1771
1060 -4.18322
1061 -4.18933
1062 -4.19545
1063 -4.20157
1064 -4.20769
1065 -4.21381
1066 -4.21993
1067 -4.22605
1068 -4.23217
1069 -4.23828
1070 -4.2444
1071 -4.25052
1072 -4.25664
1073 -4.26276
1074 -4.26888
1075 -4.275
1076 -4.28111
1077 -4.28723
1078 -4.29335
1079 -4.29947
1080 -4.30559
1081 -4.31171
1082 -4.31783
1083 -4.32395
1084 -4.33006
1085 -4.33618
1086 -4.3423
1087 -4.34842
1088 -4.35454
1089 -4.36066
1090 -4.36678
1091 -4.3729
1092 -4.37901
1093 -4.38513
1094 -4.39125
1095 -4.39737
1096 -4.40349
1097 -4.40961
1098 -4.41573
1099 -4.42184
1100 -4.42796
1101 -4.43408
1102 -4.4402
1103 -4.44632
1104 -4.45244
1105 -4.45856
1106 -4.46468
1107 -4.47079
1108 -4.47691
1109 -4.48303
1110 -4.48915
1111 -4.49527
1112 -4.50139
1113 -4.50751
1114 -4.51363
1115 -4.51974
1116 -4.52586
1117 -4.53198
1118 -4.5381
1119 -4.54422
1120 -4.55034
1121 -4.55646
1122 -4.56257
1123 -4.56869
1124 -4.57481
1125 -4.58093
1126 -4.58705
1127 -4.59317
1128 -4.59929
1129 -4.60541
1130 -4.61152
1131 -4.61764
1132 -4.62376
1133 -4.62988
1134 -4.636
1135 -4.64212
1136 -4.64824
1137 -4.65435
1138 -4.66047
1139 -4.66659
1140 -4.67271
1141 -4.67883
1142 -4.68495
1143 -4.69107
1144 -4.69719
1145 -4.7033
1146 -4.70942
1147 -4.71554
1148 -4.72166
1149 -4.72778
1150 -4.7339
1151 -4.74002
1152 -4.74614
1153 -4.75225
1154 -4.75837
1155 -4.76449
1156 -4.77061
1157 -4.77673
1158 -4.78285
1159 -4.78897
1160 -4.79508
1161 -4.8012
1162 -4.80732
1163 -4.81344
1164 -4.81956
1165 -4.82568
1166 -4.8318
1167 -4.83792
1168 -4.84403
1169 -4.85015
1170 -4.85627
1171 -4.86239
1172 -4.86851
1173 -4.87463
1174 -4.88075
1175 -4.88686
1176 -4.89298
1177 -4.8991
1178 -4.90522
1179 -4.91134
1180 -4.91746
1181 -4.92358
1182 -4.9297
1183 -4.93581
1184 -4.94193
1185 -4.94805
1186 -4.95417
1187 -4.96029
1188 -4.96641
1189 -4.97253
1190 -4.97865
1191 -4.98476
1192 -4.99088
1193 -4.997
1194 -5.00312
1195 -5.00924
1196 -5.01536
1197 -5.02148
1198 -5.02759
1199 -5.03371
1200 -5.03983
1201 -5.04595
1202 -5.05207
1203 -5.05819
1204 -5.06431
1205 -5.07043
1206 -5.07654
1207 -5.08266
1208 -5.08878
1209 -5.0949
1210 -5.10102
1211 -5.10714
1212 -5.11326
1213 -5.11937
1214 -5.12549
1215 -5.13161
1216 -5.13773
1217 -5.14385
1218 -5.14997
1219 -5.15609
1220 -5.16221
1221 -5.16832
1222 -5.17444
1223 -5.18056
1224 -5.18668
1225 -5.1928
1226 -5.19892
1227 -5.20504
1228 -5.21116
1229 -5.21727
1230 -5.22339
1231 -5.22951
1232 -5.23563
1233 -5.24175
1234 -5.24787
1235 -5.25399
1236 -5.2601
1237 -5.26622
1238 -5.27234
1239 -5.27846
1240 -5.28458
1241 -5.2907
1242 -5.29682
1243 -5.30294
1244 -5.30905
1245 -5.31517
1246 -5.32129
1247 -5.32741
1248 -5.33353
1249 -5.33965
1250 -5.34577
1251 -5.35188
1252 -5.358
1253 -5.36412
1254 -5.37024
1255 -5.37636
1256 -5.38248
1257 -5.3886
1258 -5.39472
1259 -5.40083
1260 -5.40695
1261 -5.41307
1262 -5.41919
1263 -5.42531
1264 -5.43143
1265 -5.43755
1266 -5.44366
1267 -5.44978
1268 -5.4559
1269 -5.46202
1270 -5.46814
1271 -5.47426
1272 -5.48038
1273 -5.4865
1274 -5.49261
1275 -5.49873
1276 -5.50485
1277 -5.51097
1278 -5.51709
1279 -5.52321
1280 -5.52933
1281 -5.53545
1282 -5.54156
1283 -5.54768
1284 -5.5538
1285 -5.55992
1286 -5.56604
1287 -5.57216
1288 -5.57828
1289 -5.58439
1290 -5.59051
1291 -5.59663
1292 -5.60275
1293 -5.60887
1294 -5.61499
1295 -5.62111
1296 -5.62723
1297 -5.63334
1298 -5.63946
1299 -5.64558
1300 -5.6517
1301 -5.65782
1302 -5.66394
1303 -5.67006
1304 -5.67617
1305 -5.68229
1306 -5.68841
1307 -5.69453
1308 -5.70065
1309 -5.70677
1310 -5.71289
1311 -5.71901
1312 -5.72512
1313 -5.73124
1314 -5.73736
1315 -5.74348
1316 -5.7496
1317 -5.75572
1318 -5.76184
1319 -5.76796
1320 -5.77407
1321 -5.78019
1322 -5.78631
1323 -5.79243
1324 -5.79855
1325 -5.80467
1326 -5.81079
1327 -5.8169
1328 -5.82302
1329 -5.82914
1330 -5.83526
1331 -5.84138
1332 -5.8475
1333 -5.85362
1334 -5.85974
1335 -5.86585
1336 -5.87197
1337 -5.87809
1338 -5.88421
1339 -5.89033
1340 -5.89645
1341 -5.90257
1342 -5.90868
1343 -5.9148
1344 -5.92092
1345 -5.92704
1346 -5.93316
1347 -5.93928
1348 -5.9454
1349 -5.95152
1350 -5.95763
1351 -5.96375
1352 -5.96987
1353 -5.97599
1354 -5.98211
1355 -5.98823
1356 -5.99435
1357 -6.00047
1358 -6.00658
1359 -6.0127
1360 -6.01882
1361 -6.02494
1362 -6.03106
1363 -6.03718
1364 -6.0433
1365 -6.04941
1366 -6.05553
1367 -6.06165
1368 -6.06777
1369 -6.07389
1370 -6.08001
1371 -6.08613
1372 -6.09225
1373 -6.09836
1374 -6.10448
1375 -6.1106
1376 -6.11672
1377 -6.12284
1378 -6.12896
1379 -6.13508
1380 -6.14119
1381 -6.14731
1382 -6.15343
1383 -6.15955
1384 -6.16567
1385 -6.17179
1386 -6.17791
1387 -6.18403
1388 -6.19014
1389 -6.19626
1390 -6.20238
1391 -6.2085
1392 -6.21462
1393 -6.22074
1394 -6.22686
1395 -6.23297
1396 -6.23909
1397 -6.24521
1398 -6.25133
1399 -6.25745
1400 -6.26357
1401 -6.26969
1402 -6.27581
1403 -6.28192
1404 -6.28804
1405 -6.29416
1406 -6.30028
1407 -6.3064
1408 -6.31252
1409 -6.31864
1410 -6.32476
1411 -6.33087
1412 -6.33699
1413 -6.34311
1414 -6.34923
1415 -6.35535
1416 -6.36147
1417 -6.36759
1418 -6.3737
1419 -6.37982
1420 -6.38594
1421 -6.39206
1422 -6.39818
1423 -6.4043
1424 -6.41042
1425 -6.41654
1426 -6.42265
1427 -6.42877
1428 -6.43489
1429 -6.44101
1430 -6.44713
1431 -6.45325
1432 -6.45937
1433 -6.46548
1434 -6.4716
1435 -6.47772
1436 -6.48384
1437 -6.48996
1438 -6.49608
1439 -6.5022
1440 -6.50832
1441 -6.51443
1442 -6.52055
1443 -6.52667
1444 -6.53279
1445 -6.53891
1446 -6.54503
1447 -6.55115
1448 -6.55726
1449 -6.56338
1450 -6.5695
1451 -6.57562
1452 -6.58174
1453 -6.58786
1454 -6.59398
1455 -6.6001
1456 -6.60621
1457 -6.61233
1458 -6.61845
1459 -6.62457
1460 -6.63069
1461 -6.63681
1462 -6.64293
1463 -6.64905
1464 -6.65516
1465 -6.66128
1466 -6.6674
1467 -6.67352
1468 -6.67964
1469 -6.68576
1470 -6.69188
1471 -6.69799
1472 -6.70411
1473 -6.71023
1474 -6.71635
1475 -6.72247
1476 -6.72859
1477 -6.73471
1478 -6.74083
1479 -6.74694
1480 -6.75306
1481 -6.75918
1482 -6.7653
1483 -6.77142
1484 -6.77754
1485 -6.78366
1486 -6.78977
1487 -6.79589
1488 -6.80201
1489 -6.80813
1490 -6.81425
1491 -6.82037
1492 -6.82649
1493 -6.83261
1494 -6.83872
1495 -6.84484
1496 -6.85096
1497 -6.85708
1498 -6.8632
1499 -6.86932
1500 -6.87544
1501 -6.88156
1502 -6.88767
1503 -6.89379
1504 -6.89991
1505 -6.90603
1506 -6.91215
1507 -6.91827
1508 -6.92439
1509 -6.9305
1510 -6.93662
1511 -6.94274
1512 -6.94886
1513 -6.95498
1514 -6.9611
1515 -6.96722
1516 -6.97334
1517 -6.97945
1518 -6.98557
1519 -6.99169
1520 -6.99781
1521 -7.00393
1522 -7.01005
1523 -7.01617
1524 -7.02228
1525 -7.0284
1526 -7.03452
1527 -7.04064
1528 -7.04676
1529 -7.05288
1530 -7.059
1531 -7.06512
1532 -7.07123
1533 -7.07735
1534 -7.08347
1535 -7.08959
1536 -7.09571
1537 -7.10183
1538 -7.10795
1539 -7.11406
1540 -7.12018
1541 -7.1263
1542 -7.13242
1543 -7.13854
1544 -7.14466
1545 -7.15078
1546 -7.1569
1547 -7.16301
1548 -7.16913
1549 -7.17525
1550 -7.18137
1551 -7.18749
1552 -7.19361
1553 -7.19973
1554 -7.20585
1555 -7.21196
1556 -7.21808
1557 -7.2242
1558 -7.23032
1559 -7.23644
1560 -7.24256
1561 -7.24868
1562 -7.25479
1563 -7.26091
1564 -7.26703
1565 -7.27315
1566 -7.27927
1567 -7.28539
1568 -7.29151
1569 -7.29763
1570 -7.30374
1571 -7.30986
1572 -7.31598
1573 -7.3221
1574 -7.32822
1575 -7.33434
1576 -7.34046
1577 -7.34657
1578 -7.35269
1579 -7.35881
1580 -7.36493
1581 -7.37105
1582 -7.37717
1583 -7.38329
1584 -7.38941
1585 -7.39552
1586 -7.40164
1587 -7.40776
1588 -7.41388
1589 -7.42
1590 -7.42612
1591 -7.43224
1592 -7.43836
1593 -7.44447
1594 -7.45059
1595 -7.45671
1596 -7.46283
1597 -7.46895
1598 -7.47507
1599 -7.48119
1600 -7.4873
1601 -7.49342
1602 -7.49954
1603 -7.50566
1604 -7.51178
1605 -7.5179
1606 -7.52402
1607 -7.53014
1608 -7.53625
1609 -7.54237
1610 -7.54849
1611 -7.55461
1612 -7.56073
1613 -7.56685
1614 -7.57297
1615 -7.57908
1616 -7.5852
1617 -7.59132
1618 -7.59744
1619 -7.60356
1620 -7.60968
1621 -7.6158
1622 -7.62192
1623 -7.62803
1624 -7.63415
1625 -7.64027
1626 -7.64639
1627 -7.65251
1628 -7.65863
1629 -7.66475
1630 -7.67086
1631 -7.67698
1632 -7.6831
1633 -7.68922
1634 -7.69534
1635 -7.70146
1636 -7.70758
1637 -7.7137
1638 -7.71981
1639 -7.72593
1640 -7.73205
1641 -7.73817
1642 -7.74429
1643 -7.75041
1644 -7.75653
1645 -7.76265
1646 -7.76876
1647 -7.77488
1648 -7.781
1649 -7.78712
1650 -7.79324
1651 -7.79936
1652 -7.80548
1653 -7.81159
1654 -7.81771
1655 -7.82383
1656 -7.82995
1657 -7.83607
1658 -7.84219
1659 -7.84831
1660 -7.85443
1661 -7.86054
1662 -7.86666
1663 -7.87278
1664 -7.8789
1665 -7.88502
1666 -7.89114
1667 -7.89726
1668 -7.90337
1669 -7.90949
1670 -7.91561
1671 -7.92173
1672 -7.92785
1673 -7.93397
1674 -7.94009
1675 -7.94621
1676 -7.95232
1677 -7.95844
1678 -7.96456
1679 -7.97068
1680 -7.9768
1681 -7.98292
1682 -7.98904
1683 -7.99516
1684 -8.00127
1685 -8.00739
1686 -8.01351
1687 -8.01963
1688 -8.02575
1689 -8.03187
1690 -8.03799
1691 -8.0441
1692 -8.05022
1693 -8.05634
1694 -8.06246
1695 -8.06858
1696 -8.0747
1697 -8.08082
1698 -8.08694
1699 -8.09305
1700 -8.09917
1701 -8.10529
1702 -8.11141
1703 -8.11753
1704 -8.12365
1705 -8.12977
1706 -8.13588
1707 -8.142
1708 -8.14812
1709 -8.15424
1710 -8.16036
1711 -8.16648
1712 -8.1726
1713 -8.17872
1714 -8.18483
1715 -8.19095
1716 -8.19707
1717 -8.20319
1718 -8.20931
1719 -8.21543
1720 -8.22155
1721 -8.22766
1722 -8.23378
1723 -8.2399
1724 -8.24602
1725 -8.25214
1726 -8.25826
1727 -8.26438
1728 -8.2705
1729 -8.27661
1730 -8.28273
1731 -8.28885
1732 -8.29497
1733 -8.30109
1734 -8.30721
1735 -8.31333
1736 -8.31945
1737 -8.32556
1738 -8.33168
1739 -8.3378
1740 -8.34392
1741 -8.35004
1742 -8.35616
1743 -8.36228
1744 -8.36839
1745 -8.37451
1746 -8.38063
1747 -8.38675
1748 -8.39287
1749 -8.39899
1750 -8.40511
1751 -8.41123
1752 -8.41734
1753 -8.42346
1754 -8.42958
1755 -8.4357
1756 -8.44182
1757 -8.44794
1758 -8.45406
1759 -8.46017
1760 -8.46629
1761 -8.47241
1762 -8.47853
1763 -8.48465
1764 -8.49077
1765 -8.49689
1766 -8.50301
1767 -8.50912
1768 -8.51524
1769 -8.52136
1770 -8.52748
1771 -8.5336
1772 -8.53972
1773 -8.54584
1774 -8.55196
1775 -8.55807
1776 -8.56419
1777 -8.57031
1778 -8.57643
1779 -8.58255
1780 -8.58867
1781 -8.59479
1782 -8.6009
1783 -8.60702
1784 -8.61314
1785 -8.61926
1786 -8.62538
1787 -8.6315
1788 -8.63762
1789 -8.64374
1790 -8.64985
1791 -8.65597
1792 -8.66209
1793 -8.66821
1794 -8.67433
1795 -8.68045
1796 -8.68657
1797 -8.69268
1798 -8.6988
1799 -8.70492
1800 -8.71104
1801 -8.71716
1802 -8.72328
1803 -8.7294
1804 -8.73552
1805 -8.74163
1806 -8.74775
1807 -8.75387
1808 -8.75999
1809 -8.76611
1810 -8.77223
1811 -8.77835
1812 -8.78446
1813 -8.79058
1814 -8.7967
1815 -8.80282
1816 -8.80894
1817 -8.81506
1818 -8.82118
1819 -8.8273
1820 -8.83341
1821 -8.83953
1822 -8.84565
1823 -8.85177
1824 -8.85789
1825 -8.86401
1826 -8.87013
1827 -8.87625
1828 -8.88236
1829 -8.88848
1830 -8.8946
1831 -8.90072
1832 -8.90684
1833 -8.91296
1834 -8.91908
1835 -8.92519
1836 -8.93131
1837 -8.93743
1838 -8.94355
1839 -8.94967
1840 -8.95579
1841 -8.96191
1842 -8.96803
1843 -8.97414
1844 -8.98026
1845 -8.98638
1846 -8.9925
1847 -8.99862
1848 -9.00474
1849 -9.01086
1850 -9.01697
1851 -9.02309
1852 -9.02921
1853 -9.03533
1854 -9.04145
1855 -9.04757
1856 -9.05369
1857 -9.05981
1858 -9.06592
1859 -9.07204
1860 -9.07816
1861 -9.08428
1862 -9.0904
1863 -9.09652
1864 -9.10264
1865 -9.10875
1866 -9.11487
1867 -9.12099
1868 -9.12711
1869 -9.13323
1870 -9.13935
1871 -9.14547
1872 -9.15159
1873 -9.1577
1874 -9.16382
1875 -9.16994
1876 -9.17606
1877 -9.18218
1878 -9.1883
1879 -9.19442
1880 -9.20054
1881 -9.20665
1882 -9.21277
1883 -9.21889
1884 -9.22501
1885 -9.23113
1886 -9.23725
1887 -9.24337
1888 -9.24948
1889 -9.2556
1890 -9.26172
1891 -9.26784
1892 -9.27396
1893 -9.28008
1894 -9.2862
1895 -9.29232
1896 -9.29843
1897 -9.30455
1898 -9.31067
1899 -9.31679
1900 -9.32291
1901 -9.32903
1902 -9.33515
1903 -9.34126
1904 -9.34738
1905 -9.3535
1906 -9.35962
1907 -9.36574
1908 -9.37186
1909 -9.37798
1910 -9.3841
1911 -9.39021
1912 -9.39633
1913 -9.40245
1914 -9.40857
1915 -9.41469
1916 -9.42081
1917 -9.42693
1918 -9.43305
1919 -9.43916
1920 -9.44528
1921 -9.4514
1922 -9.45752
1923 -9.46364
1924 -9.46976
1925 -9.47588
1926 -9.48199
1927 -9.48811
1928 -9.49423
1929 -9.50035
1930 -9.50647
1931 -9.51259
1932 -9.51871
1933 -9.52483
1934 -9.53094
1935 -9.53706
1936 -9.54318
1937 -9.5493
1938 -9.55542
1939 -9.56154
1940 -9.56766
1941 -9.57377
1942 -9.57989
1943 -9.58601
1944 -9.59213
1945 -9.59825
1946 -9.60437
1947 -9.61049
1948 -9.61661
1949 -9.62272
1950 -9.62884
1951 -9.63496
1952 -9.64108
1953 -9.6472
1954 -9.65332
1955 -9.65944
1956 -9.66555
1957 -9.67167
1958 -9.67779
1959 -9.68391
1960 -9.69003
1961 -9.69615
1962 -9.70227
1963 -9.70839
1964 -9.7145
1965 -9.72062
1966 -9.72674
1967 -9.73286
1968 -9.73898
1969 -9.7451
1970 -9.75122
1971 -9.75734
1972 -9.76345
1973 -9.76957
1974 -9.77569
1975 -9.78181
1976 -9.78793
1977 -9.79405
1978 -9.80017
1979 -9.80628
1980 -9.8124
1981 -9.81852
1982 -9.82464
1983 -9.83076
1984 -9.83688
1985 -9.843
1986 -9.84912
1987 -9.85523
1988 -9.86135
1989 -9.86747
1990 -9.87359
1991 -9.87971
1992 -9.88583
1993 -9.89195
1994 -9.89806
1995 -9.90418
1996 -9.9103
1997 -9.91642
1998 -9.92254
1999 -9.92866
2000 -9.93478
2001 -9.9409
2002 -9.94701
2003 -9.95313
2004 -9.95925
2005 -9.96537
2006 -9.97149
2007 -9.97761
2008 -9.98373
2009 -9.98985
2010 -9.99596
2011 -10.0021
2012 -10.0082
2013 -10.0143
2014 -10.0204
2015 -10.0266
2016 -10.0327
2017 -10.0388
2018 -10.0449
2019 -10.051
2020 -10.0572
2021 -10.0633
2022 -10.0694
2023 -10.0755
2024 -10.0816
2025 -10.0877
2026 -10.0939
2027 -10.1
2028 -10.1061
2029 -10.1122
2030 -10.1183
2031 -10.1245
2032 -10.1306
2033 -10.1367
2034 -10.1428
2035 -10.1489
2036 -10.155
2037 -10.1612
2038 -10.1673
2039 -10.1734
2040 -10.1795
2041 -10.1856
2042 -10.1918
2043 -10.1979
2044 -10.204
2045 -10.2101
2046 -10.2162
2047 -10.2224
2048 -10.2285
2049 -10.2346
2050 -10.2407
2051 -10.2468
2052 -10.2529
2053 -10.2591
2054 -10.2652
2055 -10.2713
2056 -10.2774
2057 -10.2835
2058 -10.2897
2059 -10.2958
2060 -10.3019
2061 -10.308
2062 -10.3141
2063 -10.3203
2064 -10.3264
2065 -10.3325
2066 -10.3386
2067 -10.3447
2068 -10.3508
2069 -10.357
2070 -10.3631
2071 -10.3692
2072 -10.3753
2073 -10.3814
2074 -10.3876
2075 -10.3937
2076 -10.3998
2077 -10.4059
2078 -10.412
2079 -10.4182
2080 -10.4243
2081 -10.4304
2082 -10.4365
2083 -10.4426
2084 -10.4487
2085 -10.4549
2086 -10.461
2087 -10.4671
2088 -10.4732
2089 -10.4793
2090 -10.4855
2091 -10.4916
2092 -10.4977
2093 -10.5038
2094 -10.5099
2095 -10.5161
2096 -10.5222
2097 -10.5283
2098 -10.5344
2099 -10.5405
2100 -10.5466
2101 -10.5528
2102 -10.5589
2103 -10.565
2104 -10.5711
2105 -10.5772
2106 -10.5834
2107 -10.5895
2108 -10.5956
2109 -10.6017
2110 -10.6078
2111 -10.614
2112 -10.6201
2113 -10.6262
2114 -10.6323
2115 -10.6384
2116 -10.6445
2117 -10.6507
2118 -10.6568
2119 -10.6629
2120 -10.669
2121 -10.6751
2122 -10.6813
2123 -10.6874
2124 -10.6935
2125 -10.6996
2126 -10.7057
2127 -10.7118
2128 -10.718
2129 -10.7241
2130 -10.7302
2131 -10.7363
2132 -10.7424
2133 -10.7486
2134 -10.7547
2135 -10.7608
2136 -10.7669
2137 -10.773
2138 -10.7792
2139 -10.7853
2140 -10.7914
2141 -10.7975
2142 -10.8036
2143 -10.8097
2144 -10.8159
2145 -10.822
2146 -10.8281
2147 -10.8342
2148 -10.8403
2149 -10.8465
2150 -10.8526
2151 -10.8587
2152 -10.8648
2153 -10.8709
2154 -10.8771
2155 -10.8832
2156 -10.8893
2157 -10.8954
2158 -10.9015
2159 -10.9076
2160 -10.9138
2161 -10.9199
2162 -10.926
2163 -10.9321
2164 -10.9382
2165 -10.9444
2166 -10.9505
2167 -10.9566
2168 -10.9627
2169 -10.9688
2170 -10.975
2171 -10.9811
2172 -10.9872
2173 -10.9933
2174 -10.9994
2175 -11.0055
2176 -11.0117
2177 -11.0178
2178 -11.0239
2179 -11.03
2180 -11.0361
2181 -11.0423
2182 -11.0484
2183 -11.0545
2184 -11.0606
2185 -11.0667
2186 -11.0729
2187 -11.079
2188 -11.0851
2189 -11.0912
2190 -11.0973
2191 -11.1034
2192 -11.1096
2193 -11.1157
2194 -11.1218
2195 -11.1279
2196 -11.134
2197 -11.1402
2198 -11.1463
2199 -11.1524
2200 -11.1585
2201 -11.1646
2202 -11.1708
2203 -11.1769
2204 -11.183
2205 -11.1891
2206 -11.1952
2207 -11.2013
2208 -11.2075
2209 -11.2136
2210 -11.2197
2211 -11.2258
2212 -11.2319
2213 -11.2381
2214 -11.2442
2215 -11.2503
2216 -11.2564
2217 -11.2625
2218 -11.2686
2219 -11.2748
2220 -11.2809
2221 -11.287
2222 -11.2931
2223 -11.2992
2224 -11.3054
2225 -11.3115
2226 -11.3176
2227 -11.3237
2228 -11.3298
2229 -11.336
2230 -11.3421
2231 -11.3482
2232 -11.3543
2233 -11.3604
2234 -11.3665
2235 -11.3727
2236 -11.3788
2237 -11.3849
2238 -11.391
2239 -11.3971
2240 -11.4033
2241 -11.4094
2242 -11.4155
2243 -11.4216
2244 -11.4277
2245 -11.4339
2246 -11.44
2247 -11.4461
2248 -11.4522
2249 -11.4583
2250 -11.4644
2251 -11.4706
2252 -11.4767
2253 -11.4828
2254 -11.4889
2255 -11.495
2256 -11.5012
2257 -11.5073
2258 -11.5134
2259 -11.5195
2260 -11.5256
2261 -11.5318
2262 -11.5379
2263 -11.544
2264 -11.5501
2265 -11.5562
2266 -11.5623
2267 -11.5685
2268 -11.5746
2269 -11.5807
2270 -11.5868
2271 -11.5929
2272 -11.5991
2273 -11.6052
2274 -11.6113
2275 -11.6174
2276 -11.6235
2277 -11.6297
2278 -11.6358
2279 -11.6419
2280 -11.648
2281 -11.6541
2282 -11.6602
2283 -11.6664
2284 -11.6725
2285 -11.6786
2286 -11.6847
2287 -11.6908
2288 -11.697
2289 -11.7031
2290 -11.7092
2291 -11.7153
2292 -11.7214
2293 -11.7276
2294 -11.7337
2295 -11.7398
2296 -11.7459
2297 -11.752
2298 -11.7581
2299 -11.7643
2300 -11.7704
2301 -11.7765
2302 -11.7826
2303 -11.7887
2304 -11.7949
2305 -11.801
2306 -11.8071
2307 -11.8132
2308 -11.8193
2309 -11.8254
2310 -11.8316
2311 -11.8377
2312 -11.8438
2313 -11.8499
2314 -11.856
2315 -11.8622
2316 -11.8683
2317 -11.8744
2318 -11.8805
2319 -11.8866
2320 -11.8928
2321 -11.8989
2322 -11.905
2323 -11.9111
2324 -11.9172
2325 -11.9233
2326 -11.9295
2327 -11.9356
2328 -11.9417
2329 -11.9478
2330 -11.9539
2331 -11.9601
2332 -11.9662
2333 -11.9723
2334 -11.9784
2335 -11.9845
2336 -11.9907
2337 -11.9968
2338 -12.0029
2339 -12.009
2340 -12.0151
2341 -12.0212
2342 -12.0274
2343 -12.0335
2344 -12.0396
2345 -12.0457
2346 -12.0518
2347 -12.058
2348 -12.0641
2349 -12.0702
2350 -12.0763
2351 -12.0824
2352 -12.0886
2353 -12.0947
2354 -12.1008
2355 -12.1069
2356 -12.113
2357 -12.1191
2358 -12.1253
2359 -12.1314
2360 -12.1375
2361 -12.1436
2362 -12.1497
2363 -12.1559
2364 -12.162
2365 -12.1681
2366 -12.1742
2367 -12.1803
2368 -12.1865
2369 -12.1926
2370 -12.1987
2371 -12.2048
2372 -12.2109
2373 -12.217
2374 -12.2232
2375 -12.2293
2376 -12.2354
2377 -12.2415
2378 -12.2476
2379 -12.2538
2380 -12.2599
2381 -12.266
2382 -12.2721
2383 -12.2782
2384 -12.2844
2385 -12.2905
2386 -12.2966
2387 -12.3027
2388 -12.3088
2389 -12.3149
2390 -12.3211
2391 -12.3272
2392 -12.3333
2393 -12.3394
2394 -12.3455
2395 -12.3517
2396 -12.3578
2397 -12.3639
2398 -12.37
2399 -12.3761
2400 -12.3822
2401 -12.3884
2402 -12.3945
2403 -12.4006
2404 -12.4067
2405 -12.4128
2406 -12.419
2407 -12.4251
2408 -12.4312
2409 -12.4373
2410 -12.4434
2411 -12.4496
2412 -12.4557
2413 -12.4618
2414 -12.4679
2415 -12.474
2416 -12.4801
2417 -12.4863
2418 -12.4924
2419 -12.4985
2420 -12.5046
2421 -12.5107
2422 -12.5169
2423 -12.523
2424 -12.5291
2425 -12.5352
2426 -12.5413
2427 -12.5475
2428 -12.5536
2429 -12.5597
2430 -12.5658
2431 -12.5719
2432 -12.578
2433 -12.5842
2434 -12.5903
2435 -12.5964
2436 -12.6025
2437 -12.6086
2438 -12.6148
2439 -12.6209
2440 -12.627
2441 -12.6331
2442 -12.6392
2443 -12.6454
2444 -12.6515
2445 -12.6576
2446 -12.6637
2447 -12.6698
2448 -12.6759
2449 -12.6821
2450 -12.6882
2451 -12.6943
2452 -12.7004
2453 -12.7065
2454 -12.7127
2455 -12.7188
2456 -12.7249
2457 -12.731
2458 -12.7371
2459 -12.7433
2460 -12.7494
2461 -12.7555
2462 -12.7616
2463 -12.7677
2464 -12.7738
2465 -12.78
2466 -12.7861
2467 -12.7922
2468 -12.7983
2469 -12.8044
2470 -12.8106
2471 -12.8167
2472 -12.8228
2473 -12.8289
2474 -12.835
2475 -12.8412
2476 -12.8473
2477 -12.8534
2478 -12.8595
2479 -12.8656
2480 -12.8717
2481 -12.8779
2482 -12.884
2483 -12.8901
2484 -12.8962
2485 -12.9023
2486 -12.9085
2487 -12.9146
2488 -12.9207
2489 -12.9268
2490 -12.9329
2491 -12.939
2492 -12.9452
2493 -12.9513
2494 -12.9574
2495 -12.9635
2496 -12.9696
2497 -12.9758
2498 -12.9819
2499 -12.988
2500 -12.9941
2501 -13.0002
2502 -13.0064
2503 -13.0125
2504 -13.0186
2505 -13.0247
2506 -13.0308
2507 -13.0369
2508 -13.0431
2509 -13.0492
2510 -13.0553
2511 -13.0614
2512 -13.0675
2513 -13.0737
2514 -13.0798
2515 -13.0859
2516 -13.092
2517 -13.0981
2518 -13.1043
2519 -13.1104
2520 -13.1165
2521 -13.1226
2522 -13.1287
2523 -13.1348
2524 -13.141
2525 -13.1471
2526 -13.1532
2527 -13.1593
2528 -13.1654
2529 -13.1716
2530 -13.1777
2531 -13.1838
2532 -13.1899
2533 -13.196
2534 -13.2022
2535 -13.2083
2536 -13.2144
2537 -13.2205
2538 -13.2266
2539 -13.2327
2540 -13.2389
2541 -13.245
2542 -13.2511
2543 -13.2572
2544 -13.2633
2545 -13.2695
2546 -13.2756
2547 -13.2817
2548 -13.2878
2549 -13.2939
2550 -13.3001
2551 -13.3062
2552 -13.3123
2553 -13.3184
2554 -13.3245
2555 -13.3306
2556 -13.3368
2557 -13.3429
2558 -13.349
2559 -13.3551
2560 -13.3612
2561 -13.3674
2562 -13.3735
2563 -13.3796
2564 -13.3857
2565 -13.3918
2566 -13.398
2567 -13.4041
2568 -13.4102
2569 -13.4163
2570 -13.4224
2571 -13.4285
2572 -13.4347
2573 -13.4408
2574 -13.4469
2575 -13.453
2576 -13.4591
2577 -13.4653
2578 -13.4714
2579 -13.4775
2580 -13.4836
2581 -13.4897
2582 -13.4958
2583 -13.502
2584 -13.5081
2585 -13.5142
2586 -13.5203
2587 -13.5264
2588 -13.5326
2589 -13.5387
2590 -13.5448
2591 -13.5509
2592 -13.557
2593 -13.5632
2594 -13.5693
2595 -13.5754
2596 -13.5815
2597 -13.5876
2598 -13.5937
2599 -13.5999
2600 -13.606
2601 -13.6121
2602 -13.6182
2603 -13.6243
2604 -13.6305
2605 -13.6366
2606 -13.6427
2607 -13.6488
2608 -13.6549
2609 -13.6611
2610 -13.6672
2611 -13.6733
2612 -13.6794
2613 -13.6855
2614 -13.6916
2615 -13.6978
2616 -13.7039
2617 -13.71
2618 -13.7161
2619 -13.7222
2620 -13.7284
2621 -13.7345
2622 -13.7406
2623 -13.7467
2624 -13.7528
2625 -13.759
2626 -13.7651
2627 -13.7712
2628 -13.7773
2629 -13.7834
2630 -13.7895
2631 -13.7957
2632 -13.8018
2633 -13.8079
2634 -13.814
2635 -13.8201
2636 -13.8263
2637 -13.8324
2638 -13.8385
2639 -13.8446
2640 -13.8507
2641 -13.8569
2642 -13.863
2643 -13.8691
2644 -13.8752
2645 -13.8813
2646 -13.8874
2647 -13.8936
2648 -13.8997
2649 -13.9058
2650 -13.9119
2651 -13.918
2652 -13.9242
2653 -13.9303
2654 -13.9364
2655 -13.9425
2656 -13.9486
2657 -13.9548
2658 -13.9609
2659 -13.967
2660 -13.9731
2661 -13.9792
2662 -13.9853
2663 -13.9915
2664 -13.9976
2665 -14.0037
2666 -14.0098
2667 -14.0159
2668 -14.0221
2669 -14.0282
2670 -14.0343
2671 -14.0404
2672 -14.0465
2673 -14.0526
2674 -14.0588
2675 -14.0649
2676 -14.071
2677 -14.0771
2678 -14.0832
2679 -14.0894
2680 -14.0955
2681 -14.1016
2682 -14.1077
2683 -14.1138
2684 -14.12
2685 -14.1261
2686 -14.1322
2687 -14.1383
2688 -14.1444
2689 -14.1505
2690 -14.1567
2691 -14.1628
2692 -14.1689
2693 -14.175
2694 -14.1811
2695 -14.1873
2696 -14.1934
2697 -14.1995
2698 -14.2056
2699 -14.2117
2700 -14.2179
2701 -14.224
2702 -14.2301
2703 -14.2362
2704 -14.2423
2705 -14.2484
2706 -14.2546
2707 -14.2607
2708 -14.2668
2709 -14.2729
2710 -14.279
2711 -14.2852
2712 -14.2913
2713 -14.2974
2714 -14.3035
2715 -14.3096
2716 -14.3158
2717 -14.3219
2718 -14.328
2719 -14.3341
2720 -14.3402
2721 -14.3463
2722 -14.3525
2723 -14.3586
2724 -14.3647
2725 -14.3708
2726 -14.3769
2727 -14.3831
2728 -14.3892
2729 -14.3953
2730 -14.4014
2731 -14.4075
2732 -14.4137
2733 -14.4198
2734 -14.4259
2735 -14.432
2736 -14.4381
2737 -14.4442
2738 -14.4504
2739 -14.4565
2740 -14.4626
2741 -14.4687
2742 -14.4748
2743 -14.481
2744 -14.4871
2745 -14.4932
2746 -14.4993
2747 -14.5054
2748 -14.5116
2749 -14.5177
2750 -14.5238
2751 -14.5299
2752 -14.536
2753 -14.5421
2754 -14.5483
2755 -14.5544
2756 -14.5605
2757 -14.5666
2758 -14.5727
2759 -14.5789
2760 -14.585
2761 -14.5911
2762 -14.5972
2763 -14.6033
2764 -14.6094
2765 -14.6156
2766 -14.6217
2767 -14.6278
2768 -14.6339
2769 -14.64
2770 -14.6462
2771 -14.6523
2772 -14.6584
2773 -14.6645
2774 -14.6706
2775 -14.6768
2776 -14.6829
2777 -14.689
2778 -14.6951
2779 -14.7012
2780 -14.7073
2781 -14.7135
2782 -14.7196
2783 -14.7257
2784 -14.7318
2785 -14.7379
2786 -14.7441
2787 -14.7502
2788 -14.7563
2789 -14.7624
2790 -14.7685
2791 -14.7747
2792 -14.7808
2793 -14.7869
2794 -14.793
2795 -14.7991
2796 -14.8052
2797 -14.8114
2798 -14.8175
2799 -14.8236
2800 -14.8297
2801 -14.8358
2802 -14.842
2803 -14.8481
2804 -14.8542
2805 -14.8603
2806 -14.8664
2807 -14.8726
2808 -14.8787
2809 -14.8848
2810 -14.8909
2811 -14.897
2812 -14.9031
2813 -14.9093
2814 -14.9154
2815 -14.9215
2816 -14.9276
2817 -14.9337
2818 -14.9399
2819 -14.946
2820 -14.9521
2821 -14.9582
2822 -14.9643
2823 -14.9705
2824 -14.9766
2825 -14.9827
2826 -14.9888
2827 -14.9949
2828 -15.001
2829 -15.0072
2830 -15.0133
2831 -15.0194
2832 -15.0255
2833 -15.0316
2834 -15.0378
2835 -15.0439
2836 -15.05
2837 -15.0561
2838 -15.0622
2839 -15.0684
2840 -15.0745
2841 -15.0806
2842 -15.0867
2843 -15.0928
2844 -15.0989
2845 -15.1051
2846 -15.1112
2847 -15.1173
2848 -15.1234
2849 -15.1295
2850 -15.1357
2851 -15.1418
2852 -15.1479
2853 -15.154
2854 -15.1601
2855 -15.1662
2856 -15.1724
2857 -15.1785
2858 -15.1846
2859 -15.1907
2860 -15.1968
2861 -15.203
2862 -15.2091
2863 -15.2152
2864 -15.2213
2865 -15.2274
2866 -15.2336
2867 -15.2397
2868 -15.2458
2869 -15.2519
2870 -15.258
2871 -15.2641
2872 -15.2703
2873 -15.2764
2874 -15.2825
2875 -15.2886
2876 -15.2947
2877 -15.3009
2878 -15.307
2879 -15.3131
2880 -15.3192
2881 -15.3253
2882 -15.3315
2883 -15.3376
2884 -15.3437
2885 -15.3498
2886 -15.3559
2887 -15.362
2888 -15.3682
2889 -15.3743
2890 -15.3804
2891 -15.3865
2892 -15.3926
2893 -15.3988
2894 -15.4049
2895 -15.411
2896 -15.4171
2897 -15.4232
2898 -15.4294
2899 -15.4355
2900 -15.4416
2901 -15.4477
2902 -15.4538
2903 -15.4599
2904 -15.4661
2905 -15.4722
2906 -15.4783
2907 -15.4844
2908 -15.4905
2909 -15.4967
2910 -15.5028
2911 -15.5089
2912 -15.515
2913 -15.5211
2914 -15.5273
2915 -15.5334
2916 -15.5395
2917 -15.5456
2918 -15.5517
2919 -15.5578
2920 -15.564
2921 -15.5701
2922 -15.5762
2923 -15.5823
2924 -15.5884
2925 -15.5946
2926 -15.6007
2927 -15.6068
2928 -15.6129
2929 -15.619
2930 -15.6252
2931 -15.6313
2932 -15.6374
2933 -15.6435
2934 -15.6496
2935 -15.6557
2936 -15.6619
2937 -15.668
2938 -15.6741
2939 -15.6802
2940 -15.6863
2941 -15.6925
2942 -15.6986
2943 -15.7047
2944 -15.7108
2945 -15.7169
2946 -15.723
2947 -15.7292
2948 -15.7353
2949 -15.7414
2950 -15.7475
2951 -15.7536
2952 -15.7598
2953 -15.7659
2954 -15.772
2955 -15.7781
2956 -15.7842
2957 -15.7904
2958 -15.7965
2959 -15.8026
2960 -15.8087
2961 -15.8148
2962 -15.8209
2963 -15.8271
2964 -15.8332
2965 -15.8393
2966 -15.8454
2967 -15.8515
2968 -15.8577
2969 -15.8638
2970 -15.8699
2971 -15.876
2972 -15.8821
2973 -15.8883
2974 -15.8944
2975 -15.9005
2976 -15.9066
2977 -15.9127
2978 -15.9188
2979 -15.925
2980 -15.9311
2981 -15.9372
2982 -15.9433
2983 -15.9494
2984 -15.9556
2985 -15.9617
2986 -15.9678
2987 -15.9739
2988 -15.98
2989 -15.9862
2990 -15.9923
2991 -15.9984
2992 -16.0045
2993 -16.0106
2994 -16.0167
2995 -16.0229
2996 -16.029
2997 -16.0351
2998 -16.0412
2999 -16.0473
3000 -16.0535
3001 -16.0596
3002 -16.0657
3003 -16.0718
3004 -16.0779
3005 -16.0841
3006 -16.0902
3007 -16.0963
3008 -16.1024
3009 -16.1085
3010 -16.1146
3011 -16.1208
3012 -16.1269
3013 -16.133
3014 -16.1391
3015 -16.1452
3016 -16.1514
3017 -16.1575
3018 -16.1636
3019 -16.1697
3020 -16.1758
3021 -16.182
3022 -16.1881
3023 -16.1942
3024 -16.2003
3025 -16.2064
3026 -16.2125
3027 -16.2187
3028 -16.2248
3029 -16.2309
3030 -16.237
3031 -16.2431
3032 -16.2493
3033 -16.2554
3034 -16.2615
3035 -16.2676
3036 -16.2737
3037 -16.2798
3038 -16.286
3039 -16.2921
3040 -16.2982
3041 -16.3043
3042 -16.3104
3043 -16.3166
3044 -16.3227
3045 -16.3288
3046 -16.3349
3047 -16.341
3048 -16.3472
3049 -16.3533
3050 -16.3594
3051 -16.3655
3052 -16.3716
3053 -16.3777
3054 -16.3839
3055 -16.39
3056 -16.3961
3057 -16.4022
3058 -16.4083
3059 -16.4145
3060 -16.4206
3061 -16.4267
3062 -16.4328
3063 -16.4389
3064 -16.4451
3065 -16.4512
3066 -16.4573
3067 -16.4634
3068 -16.4695
3069 -16.4756
3070 -16.4818
3071 -16.4879
3072 -16.494
3073 -16.5001
3074 -16.5062
3075 -16.5124
3076 -16.5185
3077 -16.5246
3078 -16.5307
3079 -16.5368
3080 -16.543
3081 -16.5491
3082 -16.5552
3083 -16.5613
3084 -16.5674
3085 -16.5735
3086 -16.5797
3087 -16.5858
3088 -16.5919
3089 -16.598
3090 -16.6041
3091 -16.6103
3092 -16.6164
3093 -16.6225
3094 -16.6286
3095 -16.6347
3096 -16.6409
3097 -16.647
3098 -16.6531
3099 -16.6592
3100 -16.6653
3101 -16.6714
3102 -16.6776
3103 -16.6837
3104 -16.6898
3105 -16.6959
3106 -16.702
3107 -16.7082
3108 -16.7143
3109 -16.7204
3110 -16.7265
3111 -16.7326
3112 -16.7388
3113 -16.7449
3114 -16.751
3115 -16.7571
3116 -16.7632
3117 -16.7693
3118 -16.7755
3119 -16.7816
3120 -16.7877
3121 -16.7938
3122 -16.7999
3123 -16.8061
3124 -16.8122
3125 -16.8183
3126 -16.8244
3127 -16.8305
3128 -16.8366
3129 -16.8428
3130 -16.8489
3131 -16.855
3132 -16.8611
3133 -16.8672
3134 -16.8734
3135 -16.8795
3136 -16.8856
3137 -16.8917
3138 -16.8978
3139 -16.904
3140 -16.9101
3141 -16.9162
3142 -16.9223
3143 -16.9284
3144 -16.9345
3145 -16.9407
3146 -16.9468
3147 -16.9529
3148 -16.959
3149 -16.9651
3150 -16.9713
3151 -16.9774
3152 -16.9835
3153 -16.9896
3154 -16.9957
3155 -17.0019
3156 -17.008
3157 -17.0141
3158 -17.0202
3159 -17.0263
3160 -17.0324
3161 -17.0386
3162 -17.0447
3163 -17.0508
3164 -17.0569
3165 -17.063
3166 -17.0692
3167 -17.0753
3168 -17.0814
3169 -17.0875
3170 -17.0936
3171 -17.0998
3172 -17.1059
3173 -17.112
3174 -17.1181
3175 -17.1242
3176 -17.1303
3177 -17.1365
3178 -17.1426
3179 -17.1487
3180 -17.1548
3181 -17.1609
3182 -17.1671
3183 -17.1732
3184 -17.1793
3185 -17.1854
3186 -17.1915
3187 -17.1977
3188 -17.2038
3189 -17.2099
3190 -17.216
3191 -17.2221
3192 -17.2282
3193 -17.2344
3194 -17.2405
3195 -17.2466
3196 -17.2527
3197 -17.2588
3198 -17.265
3199 -17.2711
3200 -17.2772
3201 -17.2833
3202 -17.2894
3203 -17.2956
3204 -17.3017
3205 -17.3078
3206 -17.3139
3207 -17.32
3208 -17.3261
3209 -17.3323
3210 -17.3384
3211 -17.3445
3212 -17.3506
3213 -17.3567
3214 -17.3629
3215 -17.369
3216 -17.3751
3217 -17.3812
3218 -17.3873
3219 -17.3934
3220 -17.3996
3221 -17.4057
3222 -17.4118
3223 -17.4179
3224 -17.424
3225 -17.4302
3226 -17.4363
3227 -17.4424
3228 -17.4485
3229 -17.4546
3230 -17.4608
3231 -17.4669
3232 -17.473
3233 -17.4791
3234 -17.4852
3235 -17.4913
3236 -17.4975
3237 -17.5036
3238 -17.5097
3239 -17.5158
3240 -17.5219
3241 -17.5281
3242 -17.5342
3243 -17.5403
3244 -17.5464
3245 -17.5525
3246 -17.5587
3247 -17.5648
3248 -17.5709
3249 -17.577
3250 -17.5831
3251 -17.5892
3252 -17.5954
3253 -17.6015
3254 -17.6076
3255 -17.6137
3256 -17.6198
3257 -17.626
3258 -17.6321
3259 -17.6382
3260 -17.6443
3261 -17.6504
3262 -17.6566
3263 -17.6627
3264 -17.6688
3265 -17.6749
3266 -17.681
3267 -17.6871
3268 -17.6933
3269 -17.6994
3270 -17.7055
3271 -17.7116
3272 -17.7177
3273 -17.7239
3274 -17.73
3275 -17.7361
3276 -17.7422
3277 -17.7483
3278 -17.7545
3279 -17.7606
3280 -17.7667
3281 -17.7728
3282 -17.7789
3283 -17.785
3284 -17.7912
3285 -17.7973
3286 -17.8034
3287 -17.8095
3288 -17.8156
3289 -17.8218
3290 -17.8279
3291 -17.834
3292 -17.8401
3293 -17.8462
3294 -17.8524
3295 -17.8585
3296 -17.8646
3297 -17.8707
3298 -17.8768
3299 -17.8829
3300 -17.8891
3301 -17.8952
3302 -17.9013
3303 -17.9074
3304 -17.9135
3305 -17.9197
3306 -17.9258
3307 -17.9319
3308 -17.938
3309 -17.9441
3310 -17.9502
3311 -17.9564
3312 -17.9625
3313 -17.9686
3314 -17.9747
3315 -17.9808
3316 -17.987
3317 -17.9931
3318 -17.9992
3319 -18.0053
3320 -18.0114
3321 -18.0176
3322 -18.0237
3323 -18.0298
3324 -18.0359
3325 -18.042
3326 -18.0481
3327 -18.0543
3328 -18.0604
3329 -18.0665
3330 -18.0726
3331 -18.0787
3332 -18.0849
3333 -18.091
3334 -18.0971
3335 -18.1032
3336 -18.1093
3337 -18.1155
3338 -18.1216
3339 -18.1277
3340 -18.1338
3341 -18.1399
3342 -18.146
3343 -18.1522
3344 -18.1583
3345 -18.1644
3346 -18.1705
3347 -18.1766
3348 -18.1828
3349 -18.1889
3350 -18.195
3351 -18.2011
3352 -18.2072
3353 -18.2134
3354 -18.2195
3355 -18.2256
3356 -18.2317
3357 -18.2378
3358 -18.2439
3359 -18.2501
3360 -18.2562
3361 -18.2623
3362 -18.2684
3363 -18.2745
3364 -18.2807
3365 -18.2868
3366 -18.2929
3367 -18.299
3368 -18.3051
3369 -18.3113
3370 -18.3174
3371 -18.3235
3372 -18.3296
3373 -18.3357
3374 -18.3418
3375 -18.348
3376 -18.3541
3377 -18.3602
3378 -18.3663
3379 -18.3724
3380 -18.3786
3381 -18.3847
3382 -18.3908
3383 -18.3969
3384 -18.403
3385 -18.4091
3386 -18.4153
3387 -18.4214
3388 -18.4275
3389 -18.4336
3390 -18.4397
3391 -18.4459
3392 -18.452
3393 -18.4581
3394 -18.4642
3395 -18.4703
3396 -18.4765
3397 -18.4826
3398 -18.4887
3399 -18.4948
3400 -18.5009
3401 -18.507
3402 -18.5132
3403 -18.5193
3404 -18.5254
3405 -18.5315
3406 -18.5376
3407 -18.5438
3408 -18.5499
3409 -18.556
3410 -18.5621
3411 -18.5682
3412 -18.5744
3413 -18.5805
3414 -18.5866
3415 -18.5927
3416 -18.5988
3417 -18.6049
3418 -18.6111
3419 -18.6172
3420 -18.6233
3421 -18.6294
3422 -18.6355
3423 -18.6417
3424 -18.6478
3425 -18.6539
3426 -18.66
3427 -18.6661
3428 -18.6723
3429 -18.6784
3430 -18.6845
3431 -18.6906
3432 -18.6967
3433 -18.7028
3434 -18.709
3435 -18.7151
3436 -18.7212
3437 -18.7273
3438 -18.7334
3439 -18.7396
3440 -18.7457
3441 -18.7518
3442 -18.7579
3443 -18.764
3444 -18.7702
3445 -18.7763
3446 -18.7824
3447 -18.7885
3448 -18.7946
3449 -18.8007
3450 -18.8069
3451 -18.813
3452 -18.8191
3453 -18.8252
3454 -18.8313
3455 -18.8375
3456 -18.8436
3457 -18.8497
3458 -18.8558
3459 -18.8619
3460 -18.8681
3461 -18.8742
3462 -18.8803
3463 -18.8864
3464 -18.8925
3465 -18.8986
3466 -18.9048
3467 -18.9109
3468 -18.917
3469 -18.9231
3470 -18.9292
3471 -18.9354
3472 -18.9415
3473 -18.9476
3474 -18.9537
3475 -18.9598
3476 -18.966
3477 -18.9721
3478 -18.9782
3479 -18.9843
3480 -18.9904
3481 -18.9965
3482 -19.0027
3483 -19.0088
3484 -19.0149
3485 -19.021
3486 -19.0271
3487 -19.0333
3488 -19.0394
3489 -19.0455
3490 -19.0516
3491 -19.0577
3492 -19.0638
3493 -19.07
3494 -19.0761
3495 -19.0822
3496 -19.0883
3497 -19.0944
3498 -19.1006
3499 -19.1067
3500 -19.1128
3501 -19.1189
3502 -19.125
3503 -19.1312
3504 -19.1373
3505 -19.1434
3506 -19.1495
3507 -19.1556
3508 -19.1617
3509 -19.1679
3510 -19.174
3511 -19.1801
3512 -19.1862
3513 -19.1923
3514 -19.1985
3515 -19.2046
3516 -19.2107
3517 -19.2168
3518 -19.2229
3519 -19.2291
3520 -19.2352
3521 -19.2413
3522 -19.2474
3523 -19.2535
3524 -19.2596
3525 -19.2658
3526 -19.2719
3527 -19.278
3528 -19.2841
3529 -19.2902
3530 -19.2964
3531 -19.3025
3532 -19.3086
3533 -19.3147
3534 -19.3208
3535 -19.327
3536 -19.3331
3537 -19.3392
3538 -19.3453
3539 -19.3514
3540 -19.3575
3541 -19.3637
3542 -19.3698
3543 -19.3759
3544 -19.382
3545 -19.3881
3546 -19.3943
3547 -19.4004
3548 -19.4065
3549 -19.4126
3550 -19.4187
3551 -19.4249
3552 -19.431
3553 -19.4371
3554 -19.4432
3555 -19.4493
3556 -19.4554
3557 -19.4616
3558 -19.4677
3559 -19.4738
3560 -19.4799
3561 -19.486
3562 -19.4922
3563 -19.4983
3564 -19.5044
3565 -19.5105
3566 -19.5166
3567 -19.5228
3568 -19.5289
3569 -19.535
3570 -19.5411
3571 -19.5472
3572 -19.5533
3573 -19.5595
3574 -19.5656
3575 -19.5717
3576 -19.5778
3577 -19.5839
3578 -19.5901
3579 -19.5962
3580 -19.6023
3581 -19.6084
3582 -19.6145
3583 -19.6206
3584 -19.6268
3585 -19.6329
3586 -19.639
3587 -19.6451
3588 -19.6512
3589 -19.6574
3590 -19.6635
3591 -19.6696
3592 -19.6757
3593 -19.6818
3594 -19.688
3595 -19.6941
3596 -19.7002
3597 -19.7063
3598 -19.7124
3599 -19.7185
3600 -19.7247
3601 -19.7308
3602 -19.7369
3603 -19.743
3604 -19.7491
3605 -19.7553
3606 -19.7614
3607 -19.7675
3608 -19.7736
3609 -19.7797
3610 -19.7859
3611 -19.792
3612 -19.7981
3613 -19.8042
3614 -19.8103
3615 -19.8164
3616 -19.8226
3617 -19.8287
3618 -19.8348
3619 -19.8409
3620 -19.847
3621 -19.8532
3622 -19.8593
3623 -19.8654
3624 -19.8715
3625 -19.8776
3626 -19.8838
3627 -19.8899
3628 -19.896
3629 -19.9021
3630 -19.9082
3631 -19.9143
3632 -19.9205
3633 -19.9266
3634 -19.9327
3635 -19.9388
3636 -19.9449
3637 -19.9511
3638 -19.9572
3639 -19.9633
3640 -19.9694
3641 -19.9755
3642 -19.9817
3643 -19.9878
3644 -19.9939
3645 -20
3646 -20.0061
3647 -20.0122
3648 -20.0184
3649 -20.0245
3650 -20.0306
3651 -20.0367
3652 -20.0428
3653 -20.049
3654 -20.0551
3655 -20.0612
3656 -20.0673
3657 -20.0734
3658 -20.0796
3659 -20.0857
3660 -20.0918
3661 -20.0979
3662 -20.104
3663 -20.1101
3664 -20.1163
3665 -20.1224
3666 -20.1285
3667 -20.1346
3668 -20.1407
3669 -20.1469
3670 -20.153
3671 -20.1591
3672 -20.1652
3673 -20.1713
3674 -20.1775
3675 -20.1836
3676 -20.1897
3677 -20.1958
3678 -20.2019
3679 -20.208
3680 -20.2142
3681 -20.2203
3682 -20.2264
3683 -20.2325
3684 -20.2386
3685 -20.2448
3686 -20.2509
3687 -20.257
3688 -20.2631
3689 -20.2692
3690 -20.2754
3691 -20.2815
3692 -20.2876
3693 -20.2937
3694 -20.2998
3695 -20.3059
3696 -20.3121
3697 -20.3182
3698 -20.3243
3699 -20.3304
3700 -20.3365
3701 -20.3427
3702 -20.3488
3703 -20.3549
3704 -20.361
3705 -20.3671
3706 -20.3733
3707 -20.3794
3708 -20.3855
3709 -20.3916
3710 -20.3977
3711 -20.4038
3712 -20.41
3713 -20.4161
3714 -20.4222
3715 -20.4283
3716 -20.4344
3717 -20.4406
3718 -20.4467
3719 -20.4528
3720 -20.4589
3721 -20.465
3722 -20.4712
3723 -20.4773
3724 -20.4834
3725 -20.4895
3726 -20.4956
3727 -20.5017
3728 -20.5079
3729 -20.514
3730 -20.5201
3731 -20.5262
3732 -20.5323
3733 -20.5385
3734 -20.5446
3735 -20.5507
3736 -20.5568
3737 -20.5629
3738 -20.569
3739 -20.5752
3740 -20.5813
3741 -20.5874
3742 -20.5935
3743 -20.5996
3744 -20.6058
3745 -20.6119
3746 -20.618
3747 -20.6241
3748 -20.6302
3749 -20.6364
3750 -20.6425
3751 -20.6486
3752 -20.6547
3753 -20.6608
3754 -20.6669
3755 -20.6731
3756 -20.6792
3757 -20.6853
3758 -20.6914
3759 -20.6975
3760 -20.7037
3761 -20.7098
3762 -20.7159
3763 -20.722
3764 -20.7281
3765 -20.7343
3766 -20.7404
3767 -20.7465
3768 -20.7526
3769 -20.7587
3770 -20.7648
3771 -20.771
3772 -20.7771
3773 -20.7832
3774 -20.7893
3775 -20.7954
3776 -20.8016
3777 -20.8077
3778 -20.8138
3779 -20.8199
3780 -20.826
3781 -20.8321
3782 -20.8383
3783 -20.8444
3784 -20.8505
3785 -20.8566
3786 -20.8627
3787 -20.8689
3788 -20.875
3789 -20.8811
3790 -20.8872
3791 -20.8933
3792 -20.8995
3793 -20.9056
3794 -20.9117
3795 -20.9178
3796 -20.9239
3797 -20.93
3798 -20.9362
3799 -20.9423
3800 -20.9484
3801 -20.9545
3802 -20.9606
3803 -20.9668
3804 -20.9729
3805 -20.979
3806 -20.9851
3807 -20.9912
3808 -20.9974
3809 -21.0035
3810 -21.0096
3811 -21.0157
3812 -21.0218
3813 -21.0279
3814 -21.0341
3815 -21.0402
3816 -21.0463
3817 -21.0524
3818 -21.0585
3819 -21.0647
3820 -21.0708
3821 -21.0769
3822 -21.083
3823 -21.0891
3824 -21.0953
3825 -21.1014
3826 -21.1075
3827 -21.1136
3828 -21.1197
3829 -21.1258
3830 -21.132
3831 -21.1381
3832 -21.1442
3833 -21.1503
3834 -21.1564
3835 -21.1626
3836 -21.1687
3837 -21.1748
3838 -21.1809
3839 -21.187
3840 -21.1931
3841 -21.1993
3842 -21.2054
3843 -21.2115
3844 -21.2176
3845 -21.2237
3846 -21.2299
3847 -21.236
3848 -21.2421
3849 -21.2482
3850 -21.2543
3851 -21.2605
3852 -21.2666
3853 -21.2727
3854 -21.2788
3855 -21.2849
3856 -21.291
3857 -21.2972
3858 -21.3033
3859 -21.3094
3860 -21.3155
3861 -21.3216
3862 -21.3278
3863 -21.3339
3864 -21.34
3865 -21.3461
3866 -21.3522
3867 -21.3584
3868 -21.3645
3869 -21.3706
3870 -21.3767
3871 -21.3828
3872 -21.389
3873 -21.3951
3874 -21.4012
3875 -21.4073
3876 -21.4134
3877 -21.4195
3878 -21.4257
3879 -21.4318
3880 -21.4379
3881 -21.444
3882 -21.4501
3883 -21.4563
3884 -21.4624
3885 -21.4685
3886 -21.4746
3887 -21.4807
3888 -21.4868
3889 -21.493
3890 -21.4991
3891 -21.5052
3892 -21.5113
3893 -21.5174
3894 -21.5236
3895 -21.5297
3896 -21.5358
3897 -21.5419
3898 -21.548
3899 -21.5541
3900 -21.5603
3901 -21.5664
3902 -21.5725
3903 -21.5786
3904 -21.5847
3905 -21.5909
3906 -21.597
3907 -21.6031
3908 -21.6092
3909 -21.6153
3910 -21.6215
3911 -21.6276
3912 -21.6337
3913 -21.6398
3914 -21.6459
3915 -21.652
3916 -21.6582
3917 -21.6643
3918 -21.6704
3919 -21.6765
3920 -21.6826
3921 -21.6888
3922 -21.6949
3923 -21.701
3924 -21.7071
3925 -21.7132
3926 -21.7194
3927 -21.7255
3928 -21.7316
3929 -21.7377
3930 -21.7438
3931 -21.7499
3932 -21.7561
3933 -21.7622
3934 -21.7683
3935 -21.7744
3936 -21.7805
3937 -21.7866
3938 -21.7928
3939 -21.7989
3940 -21.805
3941 -21.8111
3942 -21.8172
3943 -21.8234
3944 -21.8295
3945 -21.8356
3946 -21.8417
3947 -21.8478
3948 -21.854
3949 -21.8601
3950 -21.8662
3951 -21.8723
3952 -21.8784
3953 -21.8845
3954 -21.8907
3955 -21.8968
3956 -21.9029
3957 -21.909
3958 -21.9151
3959 -21.9213
3960 -21.9274
3961 -21.9335
3962 -21.9396
3963 -21.9458
3964 -21.9519
3965 -21.958
3966 -21.9641
3967 -21.9702
3968 -21.9763
3969 -21.9825
3970 -21.9886
3971 -21.9947
3972 -22.0008
3973 -22.0069
3974 -22.0131
3975 -22.0192
3976 -22.0253
3977 -22.0314
3978 -22.0375
3979 -22.0437
3980 -22.0498
3981 -22.0559
3982 -22.062
3983 -22.0681
3984 -22.0742
3985 -22.0804
3986 -22.0865
3987 -22.0926
3988 -22.0987
3989 -22.1048
3990 -22.111
3991 -22.1171
3992 -22.1232
3993 -22.1293
3994 -22.1355
3995 -22.1416
3996 -22.1477
3997 -22.1538
3998 -22.1599
3999 -22.166
4000 -22.1722
4001 -22.1783
4002 -22.1844
4003 -22.1905
4004 -22.1966
4005 -22.2028
4006 -22.2089
4007 -22.215
4008 -22.2211
4009 -22.2272
4010 -22.2333
4011 -22.2395
4012 -22.2456
4013 -22.2517
4014 -22.2578
4015 -22.2639
4016 -22.2701
4017 -22.2762
4018 -22.2823
4019 -22.2884
4020 -22.2945
4021 -22.3007
4022 -22.3068
4023 -22.3129
4024 -22.319
4025 -22.3251
4026 -22.3313
4027 -22.3374
4028 -22.3435
4029 -22.3496
4030 -22.3557
4031 -22.3618
4032 -22.368
4033 -22.3741
4034 -22.3802
4035 -22.3863
4036 -22.3924
4037 -22.3986
4038 -22.4047
4039 -22.4108
4040 -22.4169
4041 -22.423
4042 -22.4292
4043 -22.4353
4044 -22.4414
4045 -22.4475
4046 -22.4536
4047 -22.4598
4048 -22.4659
4049 -22.472
4050 -22.4781
4051 -22.4842
4052 -22.4903
4053 -22.4965
4054 -22.5026
4055 -22.5087
4056 -22.5148
4057 -22.521
4058 -22.5271
4059 -22.5332
4060 -22.5393
4061 -22.5454
4062 -22.5515
4063 -22.5577
4064 -22.5638
4065 -22.5699
4066 -22.576
4067 -22.5821
4068 -22.5883
4069 -22.5944
4070 -22.6005
4071 -22.6066
4072 -22.6127
4073 -22.6189
4074 -22.625
4075 -22.6311
4076 -22.6372
4077 -22.6434
4078 -22.6495
4079 -22.6556
4080 -22.6617
4081 -22.6678
4082 -22.674
4083 -22.6801
4084 -22.6862
4085 -22.6923
4086 -22.6984
4087 -22.7045
4088 -22.7107
4089 -22.7168
4090 -22.7229
4091 -22.729
4092 -22.7351
4093 -22.7413
4094 -22.7474
4095 -22.7535
4096 -22.7596
4097 -22.7657
4098 -22.7719
4099 -22.778
4100 -22.7841
4101 -22.7902
4102 -22.7963
4103 -22.8024
4104 -22.8086
4105 -22.8147
4106 -22.8208
4107 -22.8269
4108 -22.833
4109 -22.8392
4110 -22.8453
4111 -22.8514
4112 -22.8575
4113 -22.8636
4114 -22.8698
4115 -22.8759
4116 -22.882
4117 -22.8881
4118 -22.8942
4119 -22.9003
4120 -22.9065
4121 -22.9126
4122 -22.9187
4123 -22.9248
4124 -22.9309
4125 -22.9371
4126 -22.9432
4127 -22.9493
4128 -22.9554
4129 -22.9615
4130 -22.9677
4131 -22.9738
4132 -22.9799
4133 -22.986
4134 -22.9921
4135 -22.9982
4136 -23.0044
4137 -23.0105
4138 -23.0166
4139 -23.0227
