0 4.60767
1 4.18281
2 3.96993
3 3.82206
4 3.70759
5 3.61377
6 3.53407
7 3.46464
8 3.40305
9 3.34763
10 3.2972
11 3.25088
12 3.20803
13 3.16811
14 3.13074
15 3.09557
16 3.06234
17 3.03083
18 3.00086
19 2.97225
20 2.94489
21 2.91865
22 2.89343
23 2.86915
24 2.84573
25 2.8231
26 2.8012
27 2.77998
28 2.75939
29 2.73938
30 2.71993
31 2.70098
32 2.68252
33 2.66451
34 2.64693
35 2.62975
36 2.61294
37 2.5965
38 2.58039
39 2.56461
40 2.54913
41 2.53394
42 2.51903
43 2.50439
44 2.49
45 2.47584
46 2.46192
47 2.44822
48 2.43473
49 2.42144
50 2.40834
51 2.39543
52 2.3827
53 2.37015
54 2.35775
55 2.34552
56 2.33344
57 2.32151
58 2.30972
59 2.29807
60 2.28655
61 2.27516
62 2.26389
63 2.25275
64 2.24172
65 2.2308
66 2.22
67 2.20929
68 2.19869
69 2.18819
70 2.17779
71 2.16748
72 2.15726
73 2.14713
74 2.13708
75 2.12712
76 2.11724
77 2.10744
78 2.09771
79 2.08806
80 2.07848
81 2.06897
82 2.05953
83 2.05016
84 2.04085
85 2.03161
86 2.02243
87 2.01331
88 2.00424
89 1.99524
90 1.98629
91 1.9774
92 1.96856
93 1.95977
94 1.95104
95 1.94235
96 1.93371
97 1.92512
98 1.91658
99 1.90808
100 1.89963
101 1.89122
102 1.88285
103 1.87453
104 1.86624
105 1.858
106 1.84979
107 1.84163
108 1.8335
109 1.82541
110 1.81735
111 1.80933
112 1.80134
113 1.79339
114 1.78547
115 1.77758
116 1.76973
117 1.7619
118 1.75411
119 1.74635
120 1.73861
121 1.73091
122 1.72323
123 1.71558
124 1.70796
125 1.70037
126 1.6928
127 1.68526
128 1.67774
129 1.67025
130 1.66278
131 1.65534
132 1.64792
133 1.64052
134 1.63315
135 1.6258
136 1.61847
137 1.61116
138 1.60387
139 1.5966
140 1.58936
141 1.58213
142 1.57493
143 1.56774
144 1.56057
145 1.55342
146 1.54629
147 1.53918
148 1.53209
149 1.52501
150 1.51795
151 1.51091
152 1.50388
153 1.49688
154 1.48988
155 1.48291
156 1.47594
157 1.469
158 1.46207
159 1.45515
160 1.44825
161 1.44136
162 1.43449
163 1.42763
164 1.42079
165 1.41395
166 1.40714
167 1.40033
168 1.39354
169 1.38676
170 1.37999
171 1.37324
172 1.3665
173 1.35977
174 1.35305
175 1.34634
176 1.33965
177 1.33296
178 1.32629
179 1.31963
180 1.31298
181 1.30634
182 1.29971
183 1.29309
184 1.28648
185 1.27988
186 1.27329
187 1.26671
188 1.26013
189 1.25357
190 1.24702
191 1.24048
192 1.23395
193 1.22742
194 1.2209
195 1.2144
196 1.2079
197 1.20141
198 1.19493
199 1.18845
200 1.18199
201 1.17553
202 1.16908
203 1.16263
204 1.1562
205 1.14977
206 1.14335
207 1.13694
208 1.13053
209 1.12414
210 1.11774
211 1.11136
212 1.10498
213 1.09861
214 1.09225
215 1.08589
216 1.07954
217 1.07319
218 1.06685
219 1.06052
220 1.05419
221 1.04787
222 1.04156
223 1.03525
224 1.02895
225 1.02265
226 1.01636
227 1.01007
228 1.00379
229 0.997515
230 0.991245
231 0.98498
232 0.978721
233 0.972466
234 0.966217
235 0.959972
236 0.953733
237 0.947498
238 0.941268
239 0.935043
240 0.928822
241 0.922606
242 0.916395
243 0.910188
244 0.903985
245 0.897787
246 0.891593
247 0.885404
248 0.879218
249 0.873037
250 0.86686
251 0.860687
252 0.854517
253 0.848352
254 0.842191
255 0.836033
256 0.829879
257 0.823729
258 0.817583
259 0.81144
260 0.805301
261 0.799165
262 0.793033
263 0.786904
264 0.780779
265 0.774657
266 0.768538
267 0.762423
268 0.756311
269 0.750202
270 0.744096
271 0.737994
272 0.731894
273 0.725798
274 0.719704
275 0.713613
276 0.707526
277 0.701441
278 0.695359
279 0.68928
280 0.683204
281 0.67713
282 0.671059
283 0.664991
284 0.658925
285 0.652862
286 0.646802
287 0.640744
288 0.634689
289 0.628636
290 0.622585
291 0.616537
292 0.610492
293 0.604448
294 0.598407
295 0.592369
296 0.586332
297 0.580298
298 0.574266
299 0.568237
300 0.562209
301 0.556184
302 0.55016
303 0.544139
304 0.53812
305 0.532103
306 0.526088
307 0.520074
308 0.514063
309 0.508054
310 0.502047
311 0.496041
312 0.490037
313 0.484036
314 0.478036
315 0.472037
316 0.466041
317 0.460046
318 0.454053
319 0.448062
320 0.442073
321 0.436085
322 0.430098
323 0.424114
324 0.418131
325 0.412149
326 0.406169
327 0.400191
328 0.394214
329 0.388239
330 0.382265
331 0.376293
332 0.370322
333 0.364353
334 0.358385
335 0.352418
336 0.346453
337 0.340489
338 0.334526
339 0.328565
340 0.322605
341 0.316647
342 0.31069
343 0.304734
344 0.298779
345 0.292825
346 0.286873
347 0.280922
348 0.274972
349 0.269024
350 0.263076
351 0.25713
352 0.251185
353 0.24524
354 0.239297
355 0.233356
356 0.227415
357 0.221475
358 0.215536
359 0.209599
360 0.203662
361 0.197727
362 0.191792
363 0.185859
364 0.179926
365 0.173995
366 0.168064
367 0.162134
368 0.156206
369 0.150278
370 0.144351
371 0.138425
372 0.1325
373 0.126576
374 0.120652
375 0.11473
376 0.108808
377 0.102887
378 0.0969675
379 0.0910484
380 0.0851301
381 0.0792126
382 0.0732959
383 0.06738
384 0.0614648
385 0.0555504
386 0.0496368
387 0.0437239
388 0.0378118
389 0.0319004
390 0.0259897
391 0.0200797
392 0.0141705
393 0.00826189
394 0.002354
395 -0.00355321
396 -0.00945975
397 -0.0153656
398 -0.0212708
399 -0.0271754
400 -0.0330794
401 -0.0389827
402 -0.0448853
403 -0.0507874
404 -0.0566889
405 -0.0625897
406 -0.06849
407 -0.0743896
408 -0.0802887
409 -0.0861872
410 -0.0920852
411 -0.0979826
412 -0.103879
413 -0.109776
414 -0.115671
415 -0.121567
416 -0.127461
417 -0.133355
418 -0.139249
419 -0.145142
420 -0.151035
421 -0.156927
422 -0.162819
423 -0.16871
424 -0.1746
425 -0.180491
426 -0.18638
427 -0.19227
428 -0.198159
429 -0.204047
430 -0.209935
431 -0.215822
432 -0.221709
433 -0.227596
434 -0.233482
435 -0.239368
436 -0.245253
437 -0.251138
438 -0.257023
439 -0.262907
440 -0.268791
441 -0.274674
442 -0.280557
443 -0.286439
444 -0.292322
445 -0.298203
446 -0.304085
447 -0.309966
448 -0.315847
449 -0.321727
450 -0.327607
451 -0.333487
452 -0.339366
453 -0.345245
454 -0.351124
455 -0.357002
456 -0.36288
457 -0.368758
458 -0.374635
459 -0.380512
460 -0.386389
461 -0.392265
462 -0.398141
463 -0.404017
464 -0.409892
465 -0.415768
466 -0.421643
467 -0.427517
468 -0.433392
469 -0.439266
470 -0.445139
471 -0.451013
472 -0.456886
473 -0.462759
474 -0.468632
475 -0.474504
476 -0.480376
477 -0.486248
478 -0.49212
479 -0.497991
480 -0.503863
481 -0.509734
482 -0.515604
483 -0.521475
484 -0.527345
485 -0.533215
486 -0.539085
487 -0.544954
488 -0.550823
489 -0.556693
490 -0.562561
491 -0.56843
492 -0.574299
493 -0.580167
494 -0.586035
495 -0.591903
496 -0.59777
497 -0.603638
498 -0.609505
499 -0.615372
500 -0.621239
501 -0.627105
502 -0.632972
503 -0.638838
504 -0.644704
505 -0.65057
506 -0.656435
507 -0.662301
508 -0.668166
509 -0.674031
510 -0.679896
511 -0.685761
512 -0.691626
513 -0.69749
514 -0.703355
515 -0.709219
516 -0.715083
517 -0.720947
518 -0.72681
519 -0.732674
520 -0.738537
521 -0.7444
522 -0.750264
523 -0.756126
524 -0.761989
525 -0.767852
526 -0.773714
527 -0.779577
528 -0.785439
529 -0.791301
530 -0.797163
531 -0.803025
532 -0.808886
533 -0.814748
534 -0.820609
535 -0.82647
536 -0.832332
537 -0.838193
538 -0.844054
539 -0.849914
540 -0.855775
541 -0.861635
542 -0.867496
543 -0.873356
544 -0.879216
545 -0.885076
546 -0.890936
547 -0.896796
548 -0.902656
549 -0.908515
550 -0.914375
551 -0.920234
552 -0.926094
553 -0.931953
554 -0.937812
555 -0.943671
556 -0.94953
557 -0.955389
558 -0.961247
559 -0.967106
560 -0.972964
561 -0.978823
562 -0.984681
563 -0.990539
564 -0.996397
565 -1.00226
566 -1.00811
567 -1.01397
568 -1.01983
569 -1.02569
570 -1.03154
571 -1.0374
572 -1.04326
573 -1.04912
574 -1.05497
575 -1.06083
576 -1.06669
577 -1.07255
578 -1.0784
579 -1.08426
580 -1.09012
581 -1.09597
582 -1.10183
583 -1.10769
584 -1.11354
585 -1.1194
586 -1.12526
587 -1.13111
588 -1.13697
589 -1.14282
590 -1.14868
591 -1.15454
592 -1.16039
593 -1.16625
594 -1.1721
595 -1.17796
596 -1.18381
597 -1.18967
598 -1.19553
599 -1.20138
600 -1.20724
601 -1.21309
602 -1.21895
603 -1.2248
604 -1.23066
605 -1.23651
606 -1.24237
607 -1.24822
608 -1.25408
609 -1.25993
610 -1.26579
611 -1.27164
612 -1.2775
613 -1.28335
614 -1.28921
615 -1.29506
616 -1.30092
617 -1.30677
618 -1.31263
619 -1.31848
620 -1.32433
621 -1.33019
622 -1.33604
623 -1.3419
624 -1.34775
625 -1.35361
626 -1.35946
627 -1.36531
628 -1.37117
629 -1.37702
630 -1.38288
631 -1.38873
632 -1.39458
633 -1.40044
634 -1.40629
635 -1.41215
636 -1.418
637 -1.42385
638 -1.42971
639 -1.43556
640 -1.44141
641 -1.44727
642 -1.45312
643 -1.45897
644 -1.46483
645 -1.47068
646 -1.47653
647 -1.48239
648 -1.48824
649 -1.49409
650 -1.49995
651 -1.5058
652 -1.51165
653 -1.51751
654 -1.52336
655 -1.52921
656 -1.53507
657 -1.54092
658 -1.54677
659 -1.55262
660 -1.55848
661 -1.56433
662 -1.57018
663 -1.57604
664 -1.58189
665 -1.58774
666 -1.59359
667 -1.59945
668 -1.6053
669 -1.61115
670 -1.61701
671 -1.62286
672 -1.62871
673 -1.63456
674 -1.64042
675 -1.64627
676 -1.65212
677 -1.65797
678 -1.66383
679 -1.66968
680 -1.67553
681 -1.68138
682 -1.68723
683 -1.69309
684 -1.69894
685 -1.70479
686 -1.71064
687 -1.7165
688 -1.72235
689 -1.7282
690 -1.73405
691 -1.7399
692 -1.74576
693 -1.75161
694 -1.75746
695 -1.76331
696 -1.76917
697 -1.77502
698 -1.78087
699 -1.78672
700 -1.79257
701 -1.79843
702 -1.80428
703 -1.81013
704 -1.81598
705 -1.82183
706 -1.82768
707 -1.83354
708 -1.83939
709 -1.84524
710 -1.85109
711 -1.85694
712 -1.8628
713 -1.86865
714 -1.8745
715 -1.88035
716 -1.8862
717 -1.89205
718 -1.89791
719 -1.90376
720 -1.90961
721 -1.91546
722 -1.92131
723 -1.92716
724 -1.93302
725 -1.93887
726 -1.94472
727 -1.95057
728 -1.95642
729 -1.96227
730 -1.96812
731 -1.97398
732 -1.97983
733 -1.98568
734 -1.99153
735 -1.99738
736 -2.00323
737 -2.00908
738 -2.01494
739 -2.02079
740 -2.02664
741 -2.03249
742 -2.03834
743 -2.04419
744 -2.05004
745 -2.0559
746 -2.06175
747 -2.0676
748 -2.07345
749 -2.0793
750 -2.08515
751 -2.091
752 -2.09685
753 -2.10271
754 -2.10856
755 -2.11441
756 -2.12026
757 -2.12611
758 -2.13196
759 -2.13781
760 -2.14366
761 -2.14952
762 -2.15537
763 -2.16122
764 -2.16707
765 -2.17292
766 -2.17877
767 -2.18462
768 -2.19047
769 -2.19632
770 -2.20218
771 -2.20803
772 -2.21388
773 -2.21973
774 -2.22558
775 -2.23143
776 -2.23728
777 -2.24313
778 -2.24898
779 -2.25484
780 -2.26069
781 -2.26654
782 -2.27239
783 -2.27824
784 -2.28409
785 -2.28994
786 -2.29579
787 -2.30164
788 -2.30749
789 -2.31335
790 -2.3192
791 -2.32505
792 -2.3309
793 -2.33675
794 -2.3426
795 -2.34845
796 -2.3543
797 -2.36015
798 -2.366
799 -2.37185
800 -2.37771
801 -2.38356
802 -2.38941
803 -2.39526
804 -2.40111
805 -2.40696
806 -2.41281
807 -2.41866
808 -2.42451
809 -2.43036
810 -2.43621
811 -2.44206
812 -2.44792
813 -2.45377
814 -2.45962
815 -2.46547
816 -2.47132
817 -2.47717
818 -2.48302
819 -2.48887
820 -2.49472
821 -2.50057
822 -2.50642
823 -2.51227
824 -2.51813
825 -2.52398
826 -2.52983
827 -2.53568
828 -2.54153
829 -2.54738
830 -2.55323
831 -2.55908
832 -2.56493
833 -2.57078
834 -2.57663
835 -2.58248
836 -2.58833
837 -2.59418
838 -2.60004
839 -2.60589
840 -2.61174
841 -2.61759
842 -2.62344
843 -2.62929
844 -2.63514
845 -2.64099
846 -2.64684
847 -2.65269
848 -2.65854
849 -2.66439
850 -2.67024
851 -2.67609
852 -2.68195
853 -2.6878
854 -2.69365
855 -2.6995
856 -2.70535
857 -2.7112
858 -2.71705
859 -2.7229
860 -2.72875
861 -2.7346
862 -2.74045
863 -2.7463
864 -2.75215
865 -2.758
866 -2.76385
867 -2.76971
868 -2.77556
869 -2.78141
870 -2.78726
871 -2.79311
872 -2.79896
873 -2.80481
874 -2.81066
875 -2.81651
876 -2.82236
877 -2.82821
878 -2.83406
879 -2.83991
880 -2.84576
881 -2.85161
882 -2.85746
883 -2.86331
884 -2.86917
885 -2.87502
886 -2.88087
887 -2.88672
888 -2.89257
889 -2.89842
890 -2.90427
891 -2.91012
892 -2.91597
893 -2.92182
894 -2.92767
895 -2.93352
896 -2.93937
897 -2.94522
898 -2.95107
899 -2.95692
900 -2.96277
901 -2.96863
902 -2.97448
903 -2.98033
904 -2.98618
905 -2.99203
906 -2.99788
907 -3.00373
908 -3.00958
909 -3.01543
910 -3.02128
911 -3.02713
912 -3.03298
913 -3.03883
914 -3.04468
915 -3.05053
916 -3.05638
917 -3.06223
918 -3.06808
919 -3.07394
920 -3.07979
921 -3.08564
922 -3.09149
923 -3.09734
924 -3.10319
925 -3.10904
926 -3.11489
927 -3.12074
928 -3.12659
929 -3.13244
930 -3.13829
931 -3.14414
932 -3.14999
933 -3.15584
934 -3.16169
935 -3.16754
936 -3.17339
937 -3.17924
938 -3.18509
939 -3.19095
940 -3.1968
941 -3.20265
942 -3.2085
943 -3.21435
944 -3.2202
945 -3.22605
946 -3.2319
947 -3.23775
948 -3.2436
949 -3.24945
950 -3.2553
951 -3.26115
952 -3.267
953 -3.27285
954 -3.2787
955 -3.28455
956 -3.2904
957 -3.29625
958 -3.3021
959 -3.30796
960 -3.31381
961 -3.31966
962 -3.32551
963 -3.33136
964 -3.33721
965 -3.34306
966 -3.34891
967 -3.35476
968 -3.36061
969 -3.36646
970 -3.37231
971 -3.37816
972 -3.38401
973 -3.38986
974 -3.39571
975 -3.40156
976 -3.40741
977 -3.41326
978 -3.41911
979 -3.42496
980 -3.43082
981 -3.43667
982 -3.44252
983 -3.44837
984 -3.45422
985 -3.46007
986 -3.46592
987 -3.47177
988 -3.47762
989 -3.48347
990 -3.48932
991 -3.49517
992 -3.50102
993 -3.50687
994 -3.51272
995 -3.51857
996 -3.52442
997 -3.53027
998 -3.53612
999 -3.54197
1000 -3.54782
1001 -3.55368
1002 -3.55953
1003 -3.56538
1004 -3.57123
1005 -3.57708
1006 -3.58293
1007 -3.58878
1008 -3.59463
1009 -3.60048
1010 -3.60633
1011 -3.61218
1012 -3.61803
1013 -3.62388
1014 -3.62973
1015 -3.63558
1016 -3.64143
1017 -3.64728
1018 -3.65313
1019 -3.65898
1020 -3.66483
1021 -3.67068
1022 -3.67653
1023 -3.68239
1024 -3.68824
1025 -3.69409
1026 -3.69994
1027 -3.70579
1028 -3.71164
1029 -3.71749
1030 -3.72334
1031 -3.72919
1032 -3.73504
1033 -3.74089
1034 -3.74674
1035 -3.75259
1036 -3.75844
1037 -3.76429
1038 -3.77014
1039 -3.77599
1040 -3.78184
1041 -3.78769
1042 -3.79354
1043 -3.79939
1044 -3.80524
1045 -3.81109
1046 -3.81695
1047 -3.8228
1048 -3.82865
1049 -3.8345
1050 -3.84035
1051 -3.8462
1052 -3.85205
1053 -3.8579
1054 -3.86375
1055 -3.8696
1056 -3.87545
1057 -3.8813
1058 -3.88715
1059 -3.893
1060 -3.89885
1061 -3.9047
1062 -3.91055
1063 -3.9164
1064 -3.92225
1065 -3.9281
1066 -3.93395
1067 -3.9398
1068 -3.94565
1069 -3.95151
1070 -3.95736
1071 -3.96321
1072 -3.96906
1073 -3.97491
1074 -3.98076
1075 -3.98661
1076 -3.99246
1077 -3.99831
1078 -4.00416
1079 -4.01001
1080 -4.01586
1081 -4.02171
1082 -4.02756
1083 -4.03341
1084 -4.03926
1085 -4.04511
1086 -4.05096
1087 -4.05681
1088 -4.06266
1089 -4.06851
1090 -4.07436
1091 -4.08021
1092 -4.08607
1093 -4.09192
1094 -4.09777
1095 -4.10362
1096 -4.10947
1097 -4.11532
1098 -4.12117
1099 -4.12702
1100 -4.13287
1101 -4.13872
1102 -4.14457
1103 -4.15042
1104 -4.15627
1105 -4.16212
1106 -4.16797
1107 -4.17382
1108 -4.17967
1109 -4.18552
1110 -4.19137
1111 -4.19722
1112 -4.20307
1113 -4.20892
1114 -4.21477
1115 -4.22063
1116 -4.22648
1117 -4.23233
1118 -4.23818
1119 -4.24403
1120 -4.24988
1121 -4.25573
1122 -4.26158
1123 -4.26743
1124 -4.27328
1125 -4.27913
1126 -4.28498
1127 -4.29083
1128 -4.29668
1129 -4.30253
1130 -4.30838
1131 -4.31423
1132 -4.32008
1133 -4.32593
1134 -4.33178
1135 -4.33763
1136 -4.34348
1137 -4.34933
1138 -4.35518
1139 -4.36104
1140 -4.36689
1141 -4.37274
1142 -4.37859
1143 -4.38444
1144 -4.39029
1145 -4.39614
1146 -4.40199
1147 -4.40784
1148 -4.41369
1149 -4.41954
1150 -4.42539
1151 -4.43124
1152 -4.43709
1153 -4.44294
1154 -4.44879
1155 -4.45464
1156 -4.46049
1157 -4.46634
1158 -4.47219
1159 -4.47804
1160 -4.48389
1161 -4.48974
1162 -4.4956
1163 -4.50145
1164 -4.5073
1165 -4.51315
1166 -4.519
1167 -4.52485
1168 -4.5307
1169 -4.53655
1170 -4.5424
1171 -4.54825
1172 -4.5541
1173 -4.55995
1174 -4.5658
1175 -4.57165
1176 -4.5775
1177 -4.58335
1178 -4.5892
1179 -4.59505
1180 -4.6009
1181 -4.60675
1182 -4.6126
1183 -4.61845
1184 -4.6243
1185 -4.63015
1186 -4.63601
1187 -4.64186
1188 -4.64771
1189 -4.65356
1190 -4.65941
1191 -4.66526
1192 -4.67111
1193 -4.67696
1194 -4.68281
1195 -4.68866
1196 -4.69451
1197 -4.70036
1198 -4.70621
1199 -4.71206
1200 -4.71791
1201 -4.72376
1202 -4.72961
1203 -4.73546
1204 -4.74131
1205 -4.74716
1206 -4.75301
1207 -4.75886
1208 -4.76471
1209 -4.77056
1210 -4.77642
1211 -4.78227
1212 -4.78812
1213 -4.79397
1214 -4.79982
1215 -4.80567
1216 -4.81152
1217 -4.81737
1218 -4.82322
1219 -4.82907
1220 -4.83492
1221 -4.84077
1222 -4.84662
1223 -4.85247
1224 -4.85832
1225 -4.86417
1226 -4.87002
1227 -4.87587
1228 -4.88172
1229 -4.88757
1230 -4.89342
1231 -4.89927
1232 -4.90512
1233 -4.91097
1234 -4.91683
1235 -4.92268
1236 -4.92853
1237 -4.93438
1238 -4.94023
1239 -4.94608
1240 -4.95193
1241 -4.95778
1242 -4.96363
1243 -4.96948
1244 -4.97533
1245 -4.98118
1246 -4.98703
1247 -4.99288
1248 -4.99873
1249 -5.00458
1250 -5.01043
1251 -5.01628
1252 -5.02213
1253 -5.02798
1254 -5.03383
1255 -5.03968
1256 -5.04553
1257 -5.05138
1258 -5.05724
1259 -5.06309
1260 -5.06894
1261 -5.07479
1262 -5.08064
1263 -5.08649
1264 -5.09234
1265 -5.09819
1266 -5.10404
1267 -5.10989
1268 -5.11574
1269 -5.12159
1270 -5.12744
1271 -5.13329
1272 -5.13914
1273 -5.14499
1274 -5.15084
1275 -5.15669
1276 -5.16254
1277 -5.16839
1278 -5.17424
1279 -5.18009
1280 -5.18594
1281 -5.19179
1282 -5.19765
1283 -5.2035
1284 -5.20935
1285 -5.2152
1286 -5.22105
1287 -5.2269
1288 -5.23275
1289 -5.2386
1290 -5.24445
1291 -5.2503
1292 -5.25615
1293 -5.262
1294 -5.26785
1295 -5.2737
1296 -5.27955
1297 -5.2854
1298 -5.29125
1299 -5.2971
1300 -5.30295
1301 -5.3088
1302 -5.31465
1303 -5.3205
1304 -5.32635
1305 -5.3322
1306 -5.33806
1307 -5.34391
1308 -5.34976
1309 -5.35561
1310 -5.36146
1311 -5.36731
1312 -5.37316
1313 -5.37901
1314 -5.38486
1315 -5.39071
1316 -5.39656
1317 -5.40241
1318 -5.40826
1319 -5.41411
1320 -5.41996
1321 -5.42581
1322 -5.43166
1323 -5.43751
1324 -5.44336
1325 -5.44921
1326 -5.45506
1327 -5.46091
1328 -5.46676
1329 -5.47261
1330 -5.47847
1331 -5.48432
1332 -5.49017
1333 -5.49602
1334 -5.50187
1335 -5.50772
1336 -5.51357
1337 -5.51942
1338 -5.52527
1339 -5.53112
1340 -5.53697
1341 -5.54282
1342 -5.54867
1343 -5.55452
1344 -5.56037
1345 -5.56622
1346 -5.57207
1347 -5.57792
1348 -5.58377
1349 -5.58962
1350 -5.59547
1351 -5.60132
1352 -5.60717
1353 -5.61302
1354 -5.61887
1355 -5.62473
1356 -5.63058
1357 -5.63643
1358 -5.64228
1359 -5.64813
1360 -5.65398
1361 -5.65983
1362 -5.66568
1363 -5.67153
1364 -5.67738
1365 -5.68323
1366 -5.68908
1367 -5.69493
1368 -5.70078
1369 -5.70663
1370 -5.71248
1371 -5.71833
1372 -5.72418
1373 -5.73003
1374 -5.73588
1375 -5.74173
1376 -5.74758
1377 -5.75343
1378 -5.75928
1379 -5.76514
1380 -5.77099
1381 -5.77684
1382 -5.78269
1383 -5.78854
1384 -5.79439
1385 -5.80024
1386 -5.80609
1387 -5.81194
1388 -5.81779
1389 -5.82364
1390 -5.82949
1391 -5.83534
1392 -5.84119
1393 -5.84704
1394 -5.85289
1395 -5.85874
1396 -5.86459
1397 -5.87044
1398 -5.87629
1399 -5.88214
1400 -5.88799
1401 -5.89384
1402 -5.89969
1403 -5.90555
1404 -5.9114
1405 -5.91725
1406 -5.9231
1407 -5.92895
1408 -5.9348
1409 -5.94065
1410 -5.9465
1411 -5.95235
1412 -5.9582
1413 -5.96405
1414 -5.9699
1415 -5.97575
1416 -5.9816
1417 -5.98745
1418 -5.9933
1419 -5.99915
1420 -6.005
1421 -6.01085
1422 -6.0167
1423 -6.02255
1424 -6.0284
1425 -6.03425
1426 -6.0401
1427 -6.04596
1428 -6.05181
1429 -6.05766
1430 -6.06351
1431 -6.06936
1432 -6.07521
1433 -6.08106
1434 -6.08691
1435 -6.09276
1436 -6.09861
1437 -6.10446
1438 -6.11031
1439 -6.11616
1440 -6.12201
1441 -6.12786
1442 -6.13371
1443 -6.13956
1444 -6.14541
1445 -6.15126
1446 -6.15711
1447 -6.16296
1448 -6.16881
1449 -6.17466
1450 -6.18051
1451 -6.18637
1452 -6.19222
1453 -6.19807
1454 -6.20392
1455 -6.20977
1456 -6.21562
1457 -6.22147
1458 -6.22732
1459 -6.23317
1460 -6.23902
1461 -6.24487
1462 -6.25072
1463 -6.25657
1464 -6.26242
1465 -6.26827
1466 -6.27412
1467 -6.27997
1468 -6.28582
1469 -6.29167
1470 -6.29752
1471 -6.30337
1472 -6.30922
1473 -6.31507
1474 -6.32092
1475 -6.32678
1476 -6.33263
1477 -6.33848
1478 -6.34433
1479 -6.35018
1480 -6.35603
1481 -6.36188
1482 -6.36773
1483 -6.37358
1484 -6.37943
1485 -6.38528
1486 -6.39113
1487 -6.39698
1488 -6.40283
1489 -6.40868
1490 -6.41453
1491 -6.42038
1492 -6.42623
1493 -6.43208
1494 -6.43793
1495 -6.44378
1496 -6.44963
1497 -6.45548
1498 -6.46133
1499 -6.46718
1500 -6.47304
1501 -6.47889
1502 -6.48474
1503 -6.49059
1504 -6.49644
1505 -6.50229
1506 -6.50814
1507 -6.51399
1508 -6.51984
1509 -6.52569
1510 -6.53154
1511 -6.53739
1512 -6.54324
1513 -6.54909
1514 -6.55494
1515 -6.56079
1516 -6.56664
1517 -6.57249
1518 -6.57834
1519 -6.58419
1520 -6.59004
1521 -6.59589
1522 -6.60174
1523 -6.60759
1524 -6.61345
1525 -6.6193
1526 -6.62515
1527 -6.631
1528 -6.63685
1529 -6.6427
1530 -6.64855
1531 -6.6544
1532 -6.66025
1533 -6.6661
1534 -6.67195
1535 -6.6778
1536 -6.68365
1537 -6.6895
1538 -6.69535
1539 -6.7012
1540 -6.70705
1541 -6.7129
1542 -6.71875
1543 -6.7246
1544 -6.73045
1545 -6.7363
1546 -6.74215
1547 -6.748
1548 -6.75386
1549 -6.75971
1550 -6.76556
1551 -6.77141
1552 -6.77726
1553 -6.78311
1554 -6.78896
1555 -6.79481
1556 -6.80066
1557 -6.80651
1558 -6.81236
1559 -6.81821
1560 -6.82406
1561 -6.82991
1562 -6.83576
1563 -6.84161
1564 -6.84746
1565 -6.85331
1566 -6.85916
1567 -6.86501
1568 -6.87086
1569 -6.87671
1570 -6.88256
1571 -6.88841
1572 -6.89427
1573 -6.90012
1574 -6.90597
1575 -6.91182
1576 -6.91767
1577 -6.92352
1578 -6.92937
1579 -6.93522
1580 -6.94107
1581 -6.94692
1582 -6.95277
1583 -6.95862
1584 -6.96447
1585 -6.97032
1586 -6.97617
1587 -6.98202
1588 -6.98787
1589 -6.99372
1590 -6.99957
1591 -7.00542
1592 -7.01127
1593 -7.01712
1594 -7.02297
1595 -7.02882
1596 -7.03468
1597 -7.04053
1598 -7.04638
1599 -7.05223
1600 -7.05808
1601 -7.06393
1602 -7.06978
1603 -7.07563
1604 -7.08148
1605 -7.08733
1606 -7.09318
1607 -7.09903
1608 -7.10488
1609 -7.11073
1610 -7.11658
1611 -7.12243
1612 -7.12828
1613 -7.13413
1614 -7.13998
1615 -7.14583
1616 -7.15168
1617 -7.15753
1618 -7.16338
1619 -7.16923
1620 -7.17509
1621 -7.18094
1622 -7.18679
1623 -7.19264
1624 -7.19849
1625 -7.20434
1626 -7.21019
1627 -7.21604
1628 -7.22189
1629 -7.22774
1630 -7.23359
1631 -7.23944
1632 -7.24529
1633 -7.25114
1634 -7.25699
1635 -7.26284
1636 -7.26869
1637 -7.27454
1638 -7.28039
1639 -7.28624
1640 -7.29209
1641 -7.29794
1642 -7.30379
1643 -7.30964
1644 -7.31549
1645 -7.32135
1646 -7.3272
1647 -7.33305
1648 -7.3389
1649 -7.34475
1650 -7.3506
1651 -7.35645
1652 -7.3623
1653 -7.36815
1654 -7.374
1655 -7.37985
1656 -7.3857
1657 -7.39155
1658 -7.3974
1659 -7.40325
1660 -7.4091
1661 -7.41495
1662 -7.4208
1663 -7.42665
1664 -7.4325
1665 -7.43835
1666 -7.4442
1667 -7.45005
1668 -7.4559
1669 -7.46176
1670 -7.46761
1671 -7.47346
1672 -7.47931
1673 -7.48516
1674 -7.49101
1675 -7.49686
1676 -7.50271
1677 -7.50856
1678 -7.51441
1679 -7.52026
1680 -7.52611
1681 -7.53196
1682 -7.53781
1683 -7.54366
1684 -7.54951
1685 -7.55536
1686 -7.56121
1687 -7.56706
1688 -7.57291
1689 -7.57876
1690 -7.58461
1691 -7.59046
1692 -7.59631
1693 -7.60217
1694 -7.60802
1695 -7.61387
1696 -7.61972
1697 -7.62557
1698 -7.63142
1699 -7.63727
1700 -7.64312
1701 -7.64897
1702 -7.65482
1703 -7.66067
1704 -7.66652
1705 -7.67237
1706 -7.67822
1707 -7.68407
1708 -7.68992
1709 -7.69577
1710 -7.70162
1711 -7.70747
1712 -7.71332
1713 -7.71917
1714 -7.72502
1715 -7.73087
1716 -7.73672
1717 -7.74258
1718 -7.74843
1719 -7.75428
1720 -7.76013
1721 -7.76598
1722 -7.77183
1723 -7.77768
1724 -7.78353
1725 -7.78938
1726 -7.79523
1727 -7.80108
1728 -7.80693
1729 -7.81278
1730 -7.81863
1731 -7.82448
1732 -7.83033
1733 -7.83618
1734 -7.84203
1735 -7.84788
1736 -7.85373
1737 -7.85958
1738 -7.86543
1739 -7.87128
1740 -7.87713
1741 -7.88299
1742 -7.88884
1743 -7.89469
1744 -7.90054
1745 -7.90639
1746 -7.91224
1747 -7.91809
1748 -7.92394
1749 -7.92979
1750 -7.93564
1751 -7.94149
1752 -7.94734
1753 -7.95319
1754 -7.95904
1755 -7.96489
1756 -7.97074
1757 -7.97659
1758 -7.98244
1759 -7.98829
1760 -7.99414
1761 -7.99999
1762 -8.00584
1763 -8.01169
1764 -8.01754
1765 -8.0234
1766 -8.02925
1767 -8.0351
1768 -8.04095
1769 -8.0468
1770 -8.05265
1771 -8.0585
1772 -8.06435
1773 -8.0702
1774 -8.07605
1775 -8.0819
1776 -8.08775
1777 -8.0936
1778 -8.09945
1779 -8.1053
1780 -8.11115
1781 -8.117
1782 -8.12285
1783 -8.1287
1784 -8.13455
1785 -8.1404
1786 -8.14625
1787 -8.1521
1788 -8.15795
1789 -8.1638
1790 -8.16966
1791 -8.17551
1792 -8.18136
1793 -8.18721
1794 -8.19306
1795 -8.19891
1796 -8.20476
1797 -8.21061
1798 -8.21646
1799 -8.22231
1800 -8.22816
1801 -8.23401
1802 -8.23986
1803 -8.24571
1804 -8.25156
1805 -8.25741
1806 -8.26326
1807 -8.26911
1808 -8.27496
1809 -8.28081
1810 -8.28666
1811 -8.29251
1812 -8.29836
1813 -8.30421
1814 -8.31007
1815 -8.31592
1816 -8.32177
1817 -8.32762
1818 -8.33347
1819 -8.33932
1820 -8.34517
1821 -8.35102
1822 -8.35687
1823 -8.36272
1824 -8.36857
1825 -8.37442
1826 -8.38027
1827 -8.38612
1828 -8.39197
1829 -8.39782
1830 -8.40367
1831 -8.40952
1832 -8.41537
1833 -8.42122
1834 -8.42707
1835 -8.43292
1836 -8.43877
1837 -8.44462
1838 -8.45048
1839 -8.45633
1840 -8.46218
1841 -8.46803
1842 -8.47388
1843 -8.47973
1844 -8.48558
1845 -8.49143
1846 -8.49728
1847 -8.50313
1848 -8.50898
1849 -8.51483
1850 -8.52068
1851 -8.52653
1852 -8.53238
1853 -8.53823
1854 -8.54408
1855 -8.54993
1856 -8.55578
1857 -8.56163
1858 -8.56748
1859 -8.57333
1860 -8.57918
1861 -8.58503
1862 -8.59089
1863 -8.59674
1864 -8.60259
1865 -8.60844
1866 -8.61429
1867 -8.62014
1868 -8.62599
1869 -8.63184
1870 -8.63769
1871 -8.64354
1872 -8.64939
1873 -8.65524
1874 -8.66109
1875 -8.66694
1876 -8.67279
1877 -8.67864
1878 -8.68449
1879 -8.69034
1880 -8.69619
1881 -8.70204
1882 -8.70789
1883 -8.71374
1884 -8.71959
1885 -8.72544
1886 -8.7313
1887 -8.73715
1888 -8.743
1889 -8.74885
1890 -8.7547
1891 -8.76055
1892 -8.7664
1893 -8.77225
1894 -8.7781
1895 -8.78395
1896 -8.7898
1897 -8.79565
1898 -8.8015
1899 -8.80735
1900 -8.8132
1901 -8.81905
1902 -8.8249
1903 -8.83075
1904 -8.8366
1905 -8.84245
1906 -8.8483
1907 -8.85415
1908 -8.86
1909 -8.86585
1910 -8.87171
1911 -8.87756
1912 -8.88341
1913 -8.88926
1914 -8.89511
1915 -8.90096
1916 -8.90681
1917 -8.91266
1918 -8.91851
1919 -8.92436
1920 -8.93021
1921 -8.93606
1922 -8.94191
1923 -8.94776
1924 -8.95361
1925 -8.95946
1926 -8.96531
1927 -8.97116
1928 -8.97701
1929 -8.98286
1930 -8.98871
1931 -8.99456
1932 -9.00041
1933 -9.00626
1934 -9.01211
1935 -9.01797
1936 -9.02382
1937 -9.02967
1938 -9.03552
1939 -9.04137
1940 -9.04722
1941 -9.05307
1942 -9.05892
1943 -9.06477
1944 -9.07062
1945 -9.07647
1946 -9.08232
1947 -9.08817
1948 -9.09402
1949 -9.09987
1950 -9.10572
1951 -9.11157
1952 -9.11742
1953 -9.12327
1954 -9.12912
1955 -9.13497
1956 -9.14082
1957 -9.14667
1958 -9.15252
1959 -9.15838
1960 -9.16423
1961 -9.17008
1962 -9.17593
1963 -9.18178
1964 -9.18763
1965 -9.19348
1966 -9.19933
1967 -9.20518
1968 -9.21103
1969 -9.21688
1970 -9.22273
1971 -9.22858
1972 -9.23443
1973 -9.24028
1974 -9.24613
1975 -9.25198
1976 -9.25783
1977 -9.26368
1978 -9.26953
1979 -9.27538
1980 -9.28123
1981 -9.28708
1982 -9.29293
1983 -9.29879
1984 -9.30464
1985 -9.31049
1986 -9.31634
1987 -9.32219
1988 -9.32804
1989 -9.33389
1990 -9.33974
1991 -9.34559
1992 -9.35144
1993 -9.35729
1994 -9.36314
1995 -9.36899
1996 -9.37484
1997 -9.38069
1998 -9.38654
1999 -9.39239
2000 -9.39824
2001 -9.40409
2002 -9.40994
2003 -9.41579
2004 -9.42164
2005 -9.42749
2006 -9.43334
2007 -9.4392
2008 -9.44505
2009 -9.4509
2010 -9.45675
2011 -9.4626
2012 -9.46845
2013 -9.4743
2014 -9.48015
2015 -9.486
2016 -9.49185
2017 -9.4977
2018 -9.50355
2019 -9.5094
2020 -9.51525
2021 -9.5211
2022 -9.52695
2023 -9.5328
2024 -9.53865
2025 -9.5445
2026 -9.55035
2027 -9.5562
2028 -9.56205
2029 -9.5679
2030 -9.57375
2031 -9.57961
2032 -9.58546
2033 -9.59131
2034 -9.59716
2035 -9.60301
2036 -9.60886
2037 -9.61471
2038 -9.62056
2039 -9.62641
2040 -9.63226
2041 -9.63811
2042 -9.64396
2043 -9.64981
2044 -9.65566
2045 -9.66151
2046 -9.66736
2047 -9.67321
2048 -9.67906
2049 -9.68491
2050 -9.69076
2051 -9.69661
2052 -9.70246
2053 -9.70831
2054 -9.71416
2055 -9.72002
2056 -9.72587
2057 -9.73172
2058 -9.73757
2059 -9.74342
2060 -9.74927
2061 -9.75512
2062 -9.76097
2063 -9.76682
2064 -9.77267
2065 -9.77852
2066 -9.78437
2067 -9.79022
2068 -9.79607
2069 -9.80192
2070 -9.80777
2071 -9.81362
2072 -9.81947
2073 -9.82532
2074 -9.83117
2075 -9.83702
2076 -9.84287
2077 -9.84872
2078 -9.85457
2079 -9.86042
2080 -9.86628
2081 -9.87213
2082 -9.87798
2083 -9.88383
2084 -9.88968
2085 -9.89553
2086 -9.90138
2087 -9.90723
2088 -9.91308
2089 -9.91893
2090 -9.92478
2091 -9.93063
2092 -9.93648
2093 -9.94233
2094 -9.94818
2095 -9.95403
2096 -9.95988
2097 -9.96573
2098 -9.97158
2099 -9.97743
2100 -9.98328
2101 -9.98913
2102 -9.99498
2103 -10.0008
2104 -10.0067
2105 -10.0125
2106 -10.0184
2107 -10.0242
2108 -10.0301
2109 -10.0359
2110 -10.0418
2111 -10.0476
2112 -10.0535
2113 -10.0593
2114 -10.0652
2115 -10.071
2116 -10.0769
2117 -10.0827
2118 -10.0886
2119 -10.0944
2120 -10.1003
2121 -10.1061
2122 -10.112
2123 -10.1178
2124 -10.1237
2125 -10.1295
2126 -10.1354
2127 -10.1412
2128 -10.1471
2129 -10.1529
2130 -10.1588
2131 -10.1646
2132 -10.1705
2133 -10.1763
2134 -10.1822
2135 -10.188
2136 -10.1939
2137 -10.1997
2138 -10.2056
2139 -10.2114
2140 -10.2173
2141 -10.2232
2142 -10.229
2143 -10.2349
2144 -10.2407
2145 -10.2466
2146 -10.2524
2147 -10.2583
2148 -10.2641
2149 -10.27
2150 -10.2758
2151 -10.2817
2152 -10.2875
2153 -10.2934
2154 -10.2992
2155 -10.3051
2156 -10.3109
2157 -10.3168
2158 -10.3226
2159 -10.3285
2160 -10.3343
2161 -10.3402
2162 -10.346
2163 -10.3519
2164 -10.3577
2165 -10.3636
2166 -10.3694
2167 -10.3753
2168 -10.3811
2169 -10.387
2170 -10.3928
2171 -10.3987
2172 -10.4045
2173 -10.4104
2174 -10.4162
2175 -10.4221
2176 -10.4279
2177 -10.4338
2178 -10.4396
2179 -10.4455
2180 -10.4513
2181 -10.4572
2182 -10.463
2183 -10.4689
2184 -10.4747
2185 -10.4806
2186 -10.4864
2187 -10.4923
2188 -10.4981
2189 -10.504
2190 -10.5098
2191 -10.5157
2192 -10.5215
2193 -10.5274
2194 -10.5332
2195 -10.5391
2196 -10.5449
2197 -10.5508
2198 -10.5566
2199 -10.5625
2200 -10.5683
2201 -10.5742
2202 -10.58
2203 -10.5859
2204 -10.5917
2205 -10.5976
2206 -10.6034
2207 -10.6093
2208 -10.6151
2209 -10.621
2210 -10.6268
2211 -10.6327
2212 -10.6385
2213 -10.6444
2214 -10.6502
2215 -10.6561
2216 -10.6619
2217 -10.6678
2218 -10.6736
2219 -10.6795
2220 -10.6853
2221 -10.6912
2222 -10.697
2223 -10.7029
2224 -10.7087
2225 -10.7146
2226 -10.7204
2227 -10.7263
2228 -10.7321
2229 -10.738
2230 -10.7438
2231 -10.7497
2232 -10.7555
2233 -10.7614
2234 -10.7672
2235 -10.7731
2236 -10.7789
2237 -10.7848
2238 -10.7906
2239 -10.7965
2240 -10.8023
2241 -10.8082
2242 -10.814
2243 -10.8199
2244 -10.8257
2245 -10.8316
2246 -10.8374
2247 -10.8433
2248 -10.8491
2249 -10.855
2250 -10.8608
2251 -10.8667
2252 -10.8725
2253 -10.8784
2254 -10.8842
2255 -10.8901
2256 -10.8959
2257 -10.9018
2258 -10.9076
2259 -10.9135
2260 -10.9193
2261 -10.9252
2262 -10.9311
2263 -10.9369
2264 -10.9428
2265 -10.9486
2266 -10.9545
2267 -10.9603
2268 -10.9662
2269 -10.972
2270 -10.9779
2271 -10.9837
2272 -10.9896
2273 -10.9954
2274 -11.0013
2275 -11.0071
2276 -11.013
2277 -11.0188
2278 -11.0247
2279 -11.0305
2280 -11.0364
2281 -11.0422
2282 -11.0481
2283 -11.0539
2284 -11.0598
2285 -11.0656
2286 -11.0715
2287 -11.0773
2288 -11.0832
2289 -11.089
2290 -11.0949
2291 -11.1007
2292 -11.1066
2293 -11.1124
2294 -11.1183
2295 -11.1241
2296 -11.13
2297 -11.1358
2298 -11.1417
2299 -11.1475
2300 -11.1534
2301 -11.1592
2302 -11.1651
2303 -11.1709
2304 -11.1768
2305 -11.1826
2306 -11.1885
2307 -11.1943
2308 -11.2002
2309 -11.206
2310 -11.2119
2311 -11.2177
2312 -11.2236
2313 -11.2294
2314 -11.2353
2315 -11.2411
2316 -11.247
2317 -11.2528
2318 -11.2587
2319 -11.2645
2320 -11.2704
2321 -11.2762
2322 -11.2821
2323 -11.2879
2324 -11.2938
2325 -11.2996
2326 -11.3055
2327 -11.3113
2328 -11.3172
2329 -11.323
2330 -11.3289
2331 -11.3347
2332 -11.3406
2333 -11.3464
2334 -11.3523
2335 -11.3581
2336 -11.364
2337 -11.3698
2338 -11.3757
2339 -11.3815
2340 -11.3874
2341 -11.3932
2342 -11.3991
2343 -11.4049
2344 -11.4108
2345 -11.4166
2346 -11.4225
2347 -11.4283
2348 -11.4342
2349 -11.44
2350 -11.4459
2351 -11.4517
2352 -11.4576
2353 -11.4634
2354 -11.4693
2355 -11.4751
2356 -11.481
2357 -11.4868
2358 -11.4927
2359 -11.4985
2360 -11.5044
2361 -11.5102
2362 -11.5161
2363 -11.5219
2364 -11.5278
2365 -11.5336
2366 -11.5395
2367 -11.5453
2368 -11.5512
2369 -11.557
2370 -11.5629
2371 -11.5687
2372 -11.5746
2373 -11.5804
2374 -11.5863
2375 -11.5921
2376 -11.598
2377 -11.6038
2378 -11.6097
2379 -11.6155
2380 -11.6214
2381 -11.6272
2382 -11.6331
2383 -11.639
2384 -11.6448
2385 -11.6507
2386 -11.6565
2387 -11.6624
2388 -11.6682
2389 -11.6741
2390 -11.6799
2391 -11.6858
2392 -11.6916
2393 -11.6975
2394 -11.7033
2395 -11.7092
2396 -11.715
2397 -11.7209
2398 -11.7267
2399 -11.7326
2400 -11.7384
2401 -11.7443
2402 -11.7501
2403 -11.756
2404 -11.7618
2405 -11.7677
2406 -11.7735
2407 -11.7794
2408 -11.7852
2409 -11.7911
2410 -11.7969
2411 -11.8028
2412 -11.8086
2413 -11.8145
2414 -11.8203
2415 -11.8262
2416 -11.832
2417 -11.8379
2418 -11.8437
2419 -11.8496
2420 -11.8554
2421 -11.8613
2422 -11.8671
2423 -11.873
2424 -11.8788
2425 -11.8847
2426 -11.8905
2427 -11.8964
2428 -11.9022
2429 -11.9081
2430 -11.9139
2431 -11.9198
2432 -11.9256
2433 -11.9315
2434 -11.9373
2435 -11.9432
2436 -11.949
2437 -11.9549
2438 -11.9607
2439 -11.9666
2440 -11.9724
2441 -11.9783
2442 -11.9841
2443 -11.99
2444 -11.9958
2445 -12.0017
2446 -12.0075
2447 -12.0134
2448 -12.0192
2449 -12.0251
2450 -12.0309
2451 -12.0368
2452 -12.0426
2453 -12.0485
2454 -12.0543
2455 -12.0602
2456 -12.066
2457 -12.0719
2458 -12.0777
2459 -12.0836
2460 -12.0894
2461 -12.0953
2462 -12.1011
2463 -12.107
2464 -12.1128
2465 -12.1187
2466 -12.1245
2467 -12.1304
2468 -12.1362
2469 -12.1421
2470 -12.1479
2471 -12.1538
2472 -12.1596
2473 -12.1655
2474 -12.1713
2475 -12.1772
2476 -12.183
2477 -12.1889
2478 -12.1947
2479 -12.2006
2480 -12.2064
2481 -12.2123
2482 -12.2181
2483 -12.224
2484 -12.2298
2485 -12.2357
2486 -12.2415
2487 -12.2474
2488 -12.2532
2489 -12.2591
2490 -12.2649
2491 -12.2708
2492 -12.2766
2493 -12.2825
2494 -12.2883
2495 -12.2942
2496 -12.3
2497 -12.3059
2498 -12.3117
2499 -12.3176
2500 -12.3234
2501 -12.3293
2502 -12.3351
2503 -12.341
2504 -12.3469
2505 -12.3527
2506 -12.3586
2507 -12.3644
2508 -12.3703
2509 -12.3761
2510 -12.382
2511 -12.3878
2512 -12.3937
2513 -12.3995
2514 -12.4054
2515 -12.4112
2516 -12.4171
2517 -12.4229
2518 -12.4288
2519 -12.4346
2520 -12.4405
2521 -12.4463
2522 -12.4522
2523 -12.458
2524 -12.4639
2525 -12.4697
2526 -12.4756
2527 -12.4814
2528 -12.4873
2529 -12.4931
2530 -12.499
2531 -12.5048
2532 -12.5107
2533 -12.5165
2534 -12.5224
2535 -12.5282
2536 -12.5341
2537 -12.5399
2538 -12.5458
2539 -12.5516
2540 -12.5575
2541 -12.5633
2542 -12.5692
2543 -12.575
2544 -12.5809
2545 -12.5867
2546 -12.5926
2547 -12.5984
2548 -12.6043
2549 -12.6101
2550 -12.616
2551 -12.6218
2552 -12.6277
2553 -12.6335
2554 -12.6394
2555 -12.6452
2556 -12.6511
2557 -12.6569
2558 -12.6628
2559 -12.6686
2560 -12.6745
2561 -12.6803
2562 -12.6862
2563 -12.692
2564 -12.6979
2565 -12.7037
2566 -12.7096
2567 -12.7154
2568 -12.7213
2569 -12.7271
2570 -12.733
2571 -12.7388
2572 -12.7447
2573 -12.7505
2574 -12.7564
2575 -12.7622
2576 -12.7681
2577 -12.7739
2578 -12.7798
2579 -12.7856
2580 -12.7915
2581 -12.7973
2582 -12.8032
2583 -12.809
2584 -12.8149
2585 -12.8207
2586 -12.8266
2587 -12.8324
2588 -12.8383
2589 -12.8441
2590 -12.85
2591 -12.8558
2592 -12.8617
2593 -12.8675
2594 -12.8734
2595 -12.8792
2596 -12.8851
2597 -12.8909
2598 -12.8968
2599 -12.9026
2600 -12.9085
2601 -12.9143
2602 -12.9202
2603 -12.926
2604 -12.9319
2605 -12.9377
2606 -12.9436
2607 -12.9494
2608 -12.9553
2609 -12.9611
2610 -12.967
2611 -12.9728
2612 -12.9787
2613 -12.9845
2614 -12.9904
2615 -12.9962
2616 -13.0021
2617 -13.0079
2618 -13.0138
2619 -13.0196
2620 -13.0255
2621 -13.0313
2622 -13.0372
2623 -13.043
2624 -13.0489
2625 -13.0548
2626 -13.0606
2627 -13.0665
2628 -13.0723
2629 -13.0782
2630 -13.084
2631 -13.0899
2632 -13.0957
2633 -13.1016
2634 -13.1074
2635 -13.1133
2636 -13.1191
2637 -13.125
2638 -13.1308
2639 -13.1367
2640 -13.1425
2641 -13.1484
2642 -13.1542
2643 -13.1601
2644 -13.1659
2645 -13.1718
2646 -13.1776
2647 -13.1835
2648 -13.1893
2649 -13.1952
2650 -13.201
2651 -13.2069
2652 -13.2127
2653 -13.2186
2654 -13.2244
2655 -13.2303
2656 -13.2361
2657 -13.242
2658 -13.2478
2659 -13.2537
2660 -13.2595
2661 -13.2654
2662 -13.2712
2663 -13.2771
2664 -13.2829
2665 -13.2888
2666 -13.2946
2667 -13.3005
2668 -13.3063
2669 -13.3122
2670 -13.318
2671 -13.3239
2672 -13.3297
2673 -13.3356
2674 -13.3414
2675 -13.3473
2676 -13.3531
2677 -13.359
2678 -13.3648
2679 -13.3707
2680 -13.3765
2681 -13.3824
2682 -13.3882
2683 -13.3941
2684 -13.3999
2685 -13.4058
2686 -13.4116
2687 -13.4175
2688 -13.4233
2689 -13.4292
2690 -13.435
2691 -13.4409
2692 -13.4467
2693 -13.4526
2694 -13.4584
2695 -13.4643
2696 -13.4701
2697 -13.476
2698 -13.4818
2699 -13.4877
2700 -13.4935
2701 -13.4994
2702 -13.5052
2703 -13.5111
2704 -13.5169
2705 -13.5228
2706 -13.5286
2707 -13.5345
2708 -13.5403
2709 -13.5462
2710 -13.552
2711 -13.5579
2712 -13.5637
2713 -13.5696
2714 -13.5754
2715 -13.5813
2716 -13.5871
2717 -13.593
2718 -13.5988
2719 -13.6047
2720 -13.6105
2721 -13.6164
2722 -13.6222
2723 -13.6281
2724 -13.6339
2725 -13.6398
2726 -13.6456
2727 -13.6515
2728 -13.6573
2729 -13.6632
2730 -13.669
2731 -13.6749
2732 -13.6807
2733 -13.6866
2734 -13.6924
2735 -13.6983
2736 -13.7041
2737 -13.71
2738 -13.7158
2739 -13.7217
2740 -13.7275
2741 -13.7334
2742 -13.7392
2743 -13.7451
2744 -13.751
2745 -13.7568
2746 -13.7627
2747 -13.7685
2748 -13.7744
2749 -13.7802
2750 -13.7861
2751 -13.7919
2752 -13.7978
2753 -13.8036
2754 -13.8095
2755 -13.8153
2756 -13.8212
2757 -13.827
2758 -13.8329
2759 -13.8387
2760 -13.8446
2761 -13.8504
2762 -13.8563
2763 -13.8621
2764 -13.868
2765 -13.8738
2766 -13.8797
2767 -13.8855
2768 -13.8914
2769 -13.8972
2770 -13.9031
2771 -13.9089
2772 -13.9148
2773 -13.9206
2774 -13.9265
2775 -13.9323
2776 -13.9382
2777 -13.944
2778 -13.9499
2779 -13.9557
2780 -13.9616
2781 -13.9674
2782 -13.9733
2783 -13.9791
2784 -13.985
2785 -13.9908
2786 -13.9967
2787 -14.0025
2788 -14.0084
2789 -14.0142
2790 -14.0201
2791 -14.0259
2792 -14.0318
2793 -14.0376
2794 -14.0435
2795 -14.0493
2796 -14.0552
2797 -14.061
2798 -14.0669
2799 -14.0727
2800 -14.0786
2801 -14.0844
2802 -14.0903
2803 -14.0961
2804 -14.102
2805 -14.1078
2806 -14.1137
2807 -14.1195
2808 -14.1254
2809 -14.1312
2810 -14.1371
2811 -14.1429
2812 -14.1488
2813 -14.1546
2814 -14.1605
2815 -14.1663
2816 -14.1722
2817 -14.178
2818 -14.1839
2819 -14.1897
2820 -14.1956
2821 -14.2014
2822 -14.2073
2823 -14.2131
2824 -14.219
2825 -14.2248
2826 -14.2307
2827 -14.2365
2828 -14.2424
2829 -14.2482
2830 -14.2541
2831 -14.2599
2832 -14.2658
2833 -14.2716
2834 -14.2775
2835 -14.2833
2836 -14.2892
2837 -14.295
2838 -14.3009
2839 -14.3067
2840 -14.3126
2841 -14.3184
2842 -14.3243
2843 -14.3301
2844 -14.336
2845 -14.3418
2846 -14.3477
2847 -14.3535
2848 -14.3594
2849 -14.3652
2850 -14.3711
2851 -14.3769
2852 -14.3828
2853 -14.3886
2854 -14.3945
2855 -14.4003
2856 -14.4062
2857 -14.412
2858 -14.4179
2859 -14.4237
2860 -14.4296
2861 -14.4354
2862 -14.4413
2863 -14.4471
2864 -14.453
2865 -14.4589
2866 -14.4647
2867 -14.4706
2868 -14.4764
2869 -14.4823
2870 -14.4881
2871 -14.494
2872 -14.4998
2873 -14.5057
2874 -14.5115
2875 -14.5174
2876 -14.5232
2877 -14.5291
2878 -14.5349
2879 -14.5408
2880 -14.5466
2881 -14.5525
2882 -14.5583
2883 -14.5642
2884 -14.57
2885 -14.5759
2886 -14.5817
2887 -14.5876
2888 -14.5934
2889 -14.5993
2890 -14.6051
2891 -14.611
2892 -14.6168
2893 -14.6227
2894 -14.6285
2895 -14.6344
2896 -14.6402
2897 -14.6461
2898 -14.6519
2899 -14.6578
2900 -14.6636
2901 -14.6695
2902 -14.6753
2903 -14.6812
2904 -14.687
2905 -14.6929
2906 -14.6987
2907 -14.7046
2908 -14.7104
2909 -14.7163
2910 -14.7221
2911 -14.728
2912 -14.7338
2913 -14.7397
2914 -14.7455
2915 -14.7514
2916 -14.7572
2917 -14.7631
2918 -14.7689
2919 -14.7748
2920 -14.7806
2921 -14.7865
2922 -14.7923
2923 -14.7982
2924 -14.804
2925 -14.8099
2926 -14.8157
2927 -14.8216
2928 -14.8274
2929 -14.8333
2930 -14.8391
2931 -14.845
2932 -14.8508
2933 -14.8567
2934 -14.8625
2935 -14.8684
2936 -14.8742
2937 -14.8801
2938 -14.8859
2939 -14.8918
2940 -14.8976
2941 -14.9035
2942 -14.9093
2943 -14.9152
2944 -14.921
2945 -14.9269
2946 -14.9327
2947 -14.9386
2948 -14.9444
2949 -14.9503
2950 -14.9561
2951 -14.962
2952 -14.9678
2953 -14.9737
2954 -14.9795
2955 -14.9854
2956 -14.9912
2957 -14.9971
2958 -15.0029
2959 -15.0088
2960 -15.0146
2961 -15.0205
2962 -15.0263
2963 -15.0322
2964 -15.038
2965 -15.0439
2966 -15.0497
2967 -15.0556
2968 -15.0614
2969 -15.0673
2970 -15.0731
2971 -15.079
2972 -15.0848
2973 -15.0907
2974 -15.0965
2975 -15.1024
2976 -15.1082
2977 -15.1141
2978 -15.1199
2979 -15.1258
2980 -15.1316
2981 -15.1375
2982 -15.1433
2983 -15.1492
2984 -15.155
2985 -15.1609
2986 -15.1668
2987 -15.1726
2988 -15.1785
2989 -15.1843
2990 -15.1902
2991 -15.196
2992 -15.2019
2993 -15.2077
2994 -15.2136
2995 -15.2194
2996 -15.2253
2997 -15.2311
2998 -15.237
2999 -15.2428
3000 -15.2487
3001 -15.2545
3002 -15.2604
3003 -15.2662
3004 -15.2721
3005 -15.2779
3006 -15.2838
3007 -15.2896
3008 -15.2955
3009 -15.3013
3010 -15.3072
3011 -15.313
3012 -15.3189
3013 -15.3247
3014 -15.3306
3015 -15.3364
3016 -15.3423
3017 -15.3481
3018 -15.354
3019 -15.3598
3020 -15.3657
3021 -15.3715
3022 -15.3774
3023 -15.3832
3024 -15.3891
3025 -15.3949
3026 -15.4008
3027 -15.4066
3028 -15.4125
3029 -15.4183
3030 -15.4242
3031 -15.43
3032 -15.4359
3033 -15.4417
3034 -15.4476
3035 -15.4534
3036 -15.4593
3037 -15.4651
3038 -15.471
3039 -15.4768
3040 -15.4827
3041 -15.4885
3042 -15.4944
3043 -15.5002
3044 -15.5061
3045 -15.5119
3046 -15.5178
3047 -15.5236
3048 -15.5295
3049 -15.5353
3050 -15.5412
3051 -15.547
3052 -15.5529
3053 -15.5587
3054 -15.5646
3055 -15.5704
3056 -15.5763
3057 -15.5821
3058 -15.588
3059 -15.5938
3060 -15.5997
3061 -15.6055
3062 -15.6114
3063 -15.6172
3064 -15.6231
3065 -15.6289
3066 -15.6348
3067 -15.6406
3068 -15.6465
3069 -15.6523
3070 -15.6582
3071 -15.664
3072 -15.6699
3073 -15.6757
3074 -15.6816
3075 -15.6874
3076 -15.6933
3077 -15.6991
3078 -15.705
3079 -15.7108
3080 -15.7167
3081 -15.7225
3082 -15.7284
3083 -15.7342
3084 -15.7401
3085 -15.7459
3086 -15.7518
3087 -15.7576
3088 -15.7635
3089 -15.7693
3090 -15.7752
3091 -15.781
3092 -15.7869
3093 -15.7927
3094 -15.7986
3095 -15.8044
3096 -15.8103
3097 -15.8161
3098 -15.822
3099 -15.8278
3100 -15.8337
3101 -15.8395
3102 -15.8454
3103 -15.8512
3104 -15.8571
3105 -15.8629
3106 -15.8688
3107 -15.8747
3108 -15.8805
3109 -15.8864
3110 -15.8922
3111 -15.8981
3112 -15.9039
3113 -15.9098
3114 -15.9156
3115 -15.9215
3116 -15.9273
3117 -15.9332
3118 -15.939
3119 -15.9449
3120 -15.9507
3121 -15.9566
3122 -15.9624
3123 -15.9683
3124 -15.9741
3125 -15.98
3126 -15.9858
3127 -15.9917
3128 -15.9975
3129 -16.0034
3130 -16.0092
3131 -16.0151
3132 -16.0209
3133 -16.0268
3134 -16.0326
3135 -16.0385
3136 -16.0443
3137 -16.0502
3138 -16.056
3139 -16.0619
3140 -16.0677
3141 -16.0736
3142 -16.0794
3143 -16.0853
3144 -16.0911
3145 -16.097
3146 -16.1028
3147 -16.1087
3148 -16.1145
3149 -16.1204
3150 -16.1262
3151 -16.1321
3152 -16.1379
3153 -16.1438
3154 -16.1496
3155 -16.1555
3156 -16.1613
3157 -16.1672
3158 -16.173
3159 -16.1789
3160 -16.1847
3161 -16.1906
3162 -16.1964
3163 -16.2023
3164 -16.2081
3165 -16.214
3166 -16.2198
3167 -16.2257
3168 -16.2315
3169 -16.2374
3170 -16.2432
3171 -16.2491
3172 -16.2549
3173 -16.2608
3174 -16.2666
3175 -16.2725
3176 -16.2783
3177 -16.2842
3178 -16.29
3179 -16.2959
3180 -16.3017
3181 -16.3076
3182 -16.3134
3183 -16.3193
3184 -16.3251
3185 -16.331
3186 -16.3368
3187 -16.3427
3188 -16.3485
3189 -16.3544
3190 -16.3602
3191 -16.3661
3192 -16.3719
3193 -16.3778
3194 -16.3836
3195 -16.3895
3196 -16.3953
3197 -16.4012
3198 -16.407
3199 -16.4129
3200 -16.4187
3201 -16.4246
3202 -16.4304
3203 -16.4363
3204 -16.4421
3205 -16.448
3206 -16.4538
3207 -16.4597
3208 -16.4655
3209 -16.4714
3210 -16.4772
3211 -16.4831
3212 -16.4889
3213 -16.4948
3214 -16.5006
3215 -16.5065
3216 -16.5123
3217 -16.5182
3218 -16.524
3219 -16.5299
3220 -16.5357
3221 -16.5416
3222 -16.5474
3223 -16.5533
3224 -16.5591
3225 -16.565
3226 -16.5708
3227 -16.5767
3228 -16.5826
3229 -16.5884
3230 -16.5943
3231 -16.6001
3232 -16.606
3233 -16.6118
3234 -16.6177
3235 -16.6235
3236 -16.6294
3237 -16.6352
3238 -16.6411
3239 -16.6469
3240 -16.6528
3241 -16.6586
3242 -16.6645
3243 -16.6703
3244 -16.6762
3245 -16.682
3246 -16.6879
3247 -16.6937
3248 -16.6996
3249 -16.7054
3250 -16.7113
3251 -16.7171
3252 -16.723
3253 -16.7288
3254 -16.7347
3255 -16.7405
3256 -16.7464
3257 -16.7522
3258 -16.7581
3259 -16.7639
3260 -16.7698
3261 -16.7756
3262 -16.7815
3263 -16.7873
3264 -16.7932
3265 -16.799
3266 -16.8049
3267 -16.8107
3268 -16.8166
3269 -16.8224
3270 -16.8283
3271 -16.8341
3272 -16.84
3273 -16.8458
3274 -16.8517
3275 -16.8575
3276 -16.8634
3277 -16.8692
3278 -16.8751
3279 -16.8809
3280 -16.8868
3281 -16.8926
3282 -16.8985
3283 -16.9043
3284 -16.9102
3285 -16.916
3286 -16.9219
3287 -16.9277
3288 -16.9336
3289 -16.9394
3290 -16.9453
3291 -16.9511
3292 -16.957
3293 -16.9628
3294 -16.9687
3295 -16.9745
3296 -16.9804
3297 -16.9862
3298 -16.9921
3299 -16.9979
3300 -17.0038
3301 -17.0096
3302 -17.0155
3303 -17.0213
3304 -17.0272
3305 -17.033
3306 -17.0389
3307 -17.0447
3308 -17.0506
3309 -17.0564
3310 -17.0623
3311 -17.0681
3312 -17.074
3313 -17.0798
3314 -17.0857
3315 -17.0915
3316 -17.0974
3317 -17.1032
3318 -17.1091
3319 -17.1149
3320 -17.1208
3321 -17.1266
3322 -17.1325
3323 -17.1383
3324 -17.1442
3325 -17.15
3326 -17.1559
3327 -17.1617
3328 -17.1676
3329 -17.1734
3330 -17.1793
3331 -17.1851
3332 -17.191
3333 -17.1968
3334 -17.2027
3335 -17.2085
3336 -17.2144
3337 -17.2202
3338 -17.2261
3339 -17.2319
3340 -17.2378
3341 -17.2436
3342 -17.2495
3343 -17.2553
3344 -17.2612
3345 -17.267
3346 -17.2729
3347 -17.2787
3348 -17.2846
3349 -17.2905
3350 -17.2963
3351 -17.3022
3352 -17.308
3353 -17.3139
3354 -17.3197
3355 -17.3256
3356 -17.3314
3357 -17.3373
3358 -17.3431
3359 -17.349
3360 -17.3548
3361 -17.3607
3362 -17.3665
3363 -17.3724
3364 -17.3782
3365 -17.3841
3366 -17.3899
3367 -17.3958
3368 -17.4016
3369 -17.4075
3370 -17.4133
3371 -17.4192
3372 -17.425
3373 -17.4309
3374 -17.4367
3375 -17.4426
3376 -17.4484
3377 -17.4543
3378 -17.4601
3379 -17.466
3380 -17.4718
3381 -17.4777
3382 -17.4835
3383 -17.4894
3384 -17.4952
3385 -17.5011
3386 -17.5069
3387 -17.5128
3388 -17.5186
3389 -17.5245
3390 -17.5303
3391 -17.5362
3392 -17.542
3393 -17.5479
3394 -17.5537
3395 -17.5596
3396 -17.5654
3397 -17.5713
3398 -17.5771
3399 -17.583
3400 -17.5888
3401 -17.5947
3402 -17.6005
3403 -17.6064
3404 -17.6122
3405 -17.6181
3406 -17.6239
3407 -17.6298
3408 -17.6356
3409 -17.6415
3410 -17.6473
3411 -17.6532
3412 -17.659
3413 -17.6649
3414 -17.6707
3415 -17.6766
3416 -17.6824
3417 -17.6883
3418 -17.6941
3419 -17.7
3420 -17.7058
3421 -17.7117
3422 -17.7175
3423 -17.7234
3424 -17.7292
3425 -17.7351
3426 -17.7409
3427 -17.7468
3428 -17.7526
3429 -17.7585
3430 -17.7643
3431 -17.7702
3432 -17.776
3433 -17.7819
3434 -17.7877
3435 -17.7936
3436 -17.7994
3437 -17.8053
3438 -17.8111
3439 -17.817
3440 -17.8228
3441 -17.8287
3442 -17.8345
3443 -17.8404
3444 -17.8462
3445 -17.8521
3446 -17.8579
3447 -17.8638
3448 -17.8696
3449 -17.8755
3450 -17.8813
3451 -17.8872
3452 -17.893
3453 -17.8989
3454 -17.9047
3455 -17.9106
3456 -17.9164
3457 -17.9223
3458 -17.9281
3459 -17.934
3460 -17.9398
3461 -17.9457
3462 -17.9515
3463 -17.9574
3464 -17.9632
3465 -17.9691
3466 -17.9749
3467 -17.9808
3468 -17.9866
3469 -17.9925
3470 -17.9984
3471 -18.0042
3472 -18.0101
3473 -18.0159
3474 -18.0218
3475 -18.0276
3476 -18.0335
3477 -18.0393
3478 -18.0452
3479 -18.051
3480 -18.0569
3481 -18.0627
3482 -18.0686
3483 -18.0744
3484 -18.0803
3485 -18.0861
3486 -18.092
3487 -18.0978
3488 -18.1037
3489 -18.1095
3490 -18.1154
3491 -18.1212
3492 -18.1271
3493 -18.1329
3494 -18.1388
3495 -18.1446
3496 -18.1505
3497 -18.1563
3498 -18.1622
3499 -18.168
3500 -18.1739
3501 -18.1797
3502 -18.1856
3503 -18.1914
3504 -18.1973
3505 -18.2031
3506 -18.209
3507 -18.2148
3508 -18.2207
3509 -18.2265
3510 -18.2324
3511 -18.2382
3512 -18.2441
3513 -18.2499
3514 -18.2558
3515 -18.2616
3516 -18.2675
3517 -18.2733
3518 -18.2792
3519 -18.285
3520 -18.2909
3521 -18.2967
3522 -18.3026
3523 -18.3084
3524 -18.3143
3525 -18.3201
3526 -18.326
3527 -18.3318
3528 -18.3377
3529 -18.3435
3530 -18.3494
3531 -18.3552
3532 -18.3611
3533 -18.3669
3534 -18.3728
3535 -18.3786
3536 -18.3845
3537 -18.3903
3538 -18.3962
3539 -18.402
3540 -18.4079
3541 -18.4137
3542 -18.4196
3543 -18.4254
3544 -18.4313
3545 -18.4371
3546 -18.443
3547 -18.4488
3548 -18.4547
3549 -18.4605
3550 -18.4664
3551 -18.4722
3552 -18.4781
3553 -18.4839
3554 -18.4898
3555 -18.4956
3556 -18.5015
3557 -18.5073
3558 -18.5132
3559 -18.519
3560 -18.5249
3561 -18.5307
3562 -18.5366
3563 -18.5424
3564 -18.5483
3565 -18.5541
3566 -18.56
3567 -18.5658
3568 -18.5717
3569 -18.5775
3570 -18.5834
3571 -18.5892
3572 -18.5951
3573 -18.6009
3574 -18.6068
3575 -18.6126
3576 -18.6185
3577 -18.6243
3578 -18.6302
3579 -18.636
3580 -18.6419
3581 -18.6477
3582 -18.6536
3583 -18.6594
3584 -18.6653
3585 -18.6711
3586 -18.677
3587 -18.6828
3588 -18.6887
3589 -18.6945
3590 -18.7004
3591 -18.7063
3592 -18.7121
3593 -18.718
3594 -18.7238
3595 -18.7297
3596 -18.7355
3597 -18.7414
3598 -18.7472
3599 -18.7531
3600 -18.7589
3601 -18.7648
3602 -18.7706
3603 -18.7765
3604 -18.7823
3605 -18.7882
3606 -18.794
3607 -18.7999
3608 -18.8057
3609 -18.8116
3610 -18.8174
3611 -18.8233
3612 -18.8291
3613 -18.835
3614 -18.8408
3615 -18.8467
3616 -18.8525
3617 -18.8584
3618 -18.8642
3619 -18.8701
3620 -18.8759
3621 -18.8818
3622 -18.8876
3623 -18.8935
3624 -18.8993
3625 -18.9052
3626 -18.911
3627 -18.9169
3628 -18.9227
3629 -18.9286
3630 -18.9344
3631 -18.9403
3632 -18.9461
3633 -18.952
3634 -18.9578
3635 -18.9637
3636 -18.9695
3637 -18.9754
3638 -18.9812
3639 -18.9871
3640 -18.9929
3641 -18.9988
3642 -19.0046
3643 -19.0105
3644 -19.0163
3645 -19.0222
3646 -19.028
3647 -19.0339
3648 -19.0397
3649 -19.0456
3650 -19.0514
3651 -19.0573
3652 -19.0631
3653 -19.069
3654 -19.0748
3655 -19.0807
3656 -19.0865
3657 -19.0924
3658 -19.0982
3659 -19.1041
3660 -19.1099
3661 -19.1158
3662 -19.1216
3663 -19.1275
3664 -19.1333
3665 -19.1392
3666 -19.145
3667 -19.1509
3668 -19.1567
3669 -19.1626
3670 -19.1684
3671 -19.1743
3672 -19.1801
3673 -19.186
3674 -19.1918
3675 -19.1977
3676 -19.2035
3677 -19.2094
3678 -19.2152
3679 -19.2211
3680 -19.2269
3681 -19.2328
3682 -19.2386
3683 -19.2445
3684 -19.2503
3685 -19.2562
3686 -19.262
3687 -19.2679
3688 -19.2737
3689 -19.2796
3690 -19.2854
3691 -19.2913
3692 -19.2971
3693 -19.303
3694 -19.3088
3695 -19.3147
3696 -19.3205
3697 -19.3264
3698 -19.3322
3699 -19.3381
3700 -19.3439
3701 -19.3498
3702 -19.3556
3703 -19.3615
3704 -19.3673
3705 -19.3732
3706 -19.379
3707 -19.3849
3708 -19.3907
3709 -19.3966
3710 -19.4024
3711 -19.4083
3712 -19.4142
3713 -19.42
3714 -19.4259
3715 -19.4317
3716 -19.4376
3717 -19.4434
3718 -19.4493
3719 -19.4551
3720 -19.461
3721 -19.4668
3722 -19.4727
3723 -19.4785
3724 -19.4844
3725 -19.4902
3726 -19.4961
3727 -19.5019
3728 -19.5078
3729 -19.5136
3730 -19.5195
3731 -19.5253
3732 -19.5312
3733 -19.537
3734 -19.5429
3735 -19.5487
3736 -19.5546
3737 -19.5604
3738 -19.5663
3739 -19.5721
3740 -19.578
3741 -19.5838
3742 -19.5897
3743 -19.5955
3744 -19.6014
3745 -19.6072
3746 -19.6131
3747 -19.6189
3748 -19.6248
3749 -19.6306
3750 -19.6365
3751 -19.6423
3752 -19.6482
3753 -19.654
3754 -19.6599
3755 -19.6657
3756 -19.6716
3757 -19.6774
3758 -19.6833
3759 -19.6891
3760 -19.695
3761 -19.7008
3762 -19.7067
3763 -19.7125
3764 -19.7184
3765 -19.7242
3766 -19.7301
3767 -19.7359
3768 -19.7418
3769 -19.7476
3770 -19.7535
3771 -19.7593
3772 -19.7652
3773 -19.771
3774 -19.7769
3775 -19.7827
3776 -19.7886
3777 -19.7944
3778 -19.8003
3779 -19.8061
3780 -19.812
3781 -19.8178
3782 -19.8237
3783 -19.8295
3784 -19.8354
3785 -19.8412
3786 -19.8471
3787 -19.8529
3788 -19.8588
3789 -19.8646
3790 -19.8705
3791 -19.8763
3792 -19.8822
3793 -19.888
3794 -19.8939
3795 -19.8997
3796 -19.9056
3797 -19.9114
3798 -19.9173
3799 -19.9231
3800 -19.929
3801 -19.9348
3802 -19.9407
3803 -19.9465
3804 -19.9524
3805 -19.9582
3806 -19.9641
3807 -19.9699
3808 -19.9758
3809 -19.9816
3810 -19.9875
3811 -19.9933
3812 -19.9992
3813 -20.005
3814 -20.0109
3815 -20.0167
3816 -20.0226
3817 -20.0284
3818 -20.0343
3819 -20.0401
3820 -20.046
3821 -20.0518
3822 -20.0577
3823 -20.0635
3824 -20.0694
3825 -20.0752
3826 -20.0811
3827 -20.0869
3828 -20.0928
3829 -20.0987
3830 -20.1045
3831 -20.1104
3832 -20.1162
3833 -20.1221
3834 -20.1279
3835 -20.1338
3836 -20.1396
3837 -20.1455
3838 -20.1513
3839 -20.1572
3840 -20.163
3841 -20.1689
3842 -20.1747
3843 -20.1806
3844 -20.1864
3845 -20.1923
3846 -20.1981
3847 -20.204
3848 -20.2098
3849 -20.2157
3850 -20.2215
3851 -20.2274
3852 -20.2332
3853 -20.2391
3854 -20.2449
3855 -20.2508
3856 -20.2566
3857 -20.2625
3858 -20.2683
3859 -20.2742
3860 -20.28
3861 -20.2859
3862 -20.2917
3863 -20.2976
3864 -20.3034
3865 -20.3093
3866 -20.3151
3867 -20.321
3868 -20.3268
3869 -20.3327
3870 -20.3385
3871 -20.3444
3872 -20.3502
3873 -20.3561
3874 -20.3619
3875 -20.3678
3876 -20.3736
3877 -20.3795
3878 -20.3853
3879 -20.3912
3880 -20.397
3881 -20.4029
3882 -20.4087
3883 -20.4146
3884 -20.4204
3885 -20.4263
3886 -20.4321
3887 -20.438
3888 -20.4438
3889 -20.4497
3890 -20.4555
3891 -20.4614
3892 -20.4672
3893 -20.4731
3894 -20.4789
3895 -20.4848
3896 -20.4906
3897 -20.4965
3898 -20.5023
3899 -20.5082
3900 -20.514
3901 -20.5199
3902 -20.5257
3903 -20.5316
3904 -20.5374
3905 -20.5433
3906 -20.5491
3907 -20.555
3908 -20.5608
3909 -20.5667
3910 -20.5725
3911 -20.5784
3912 -20.5842
3913 -20.5901
3914 -20.5959
3915 -20.6018
3916 -20.6076
3917 -20.6135
3918 -20.6193
3919 -20.6252
3920 -20.631
3921 -20.6369
3922 -20.6427
3923 -20.6486
3924 -20.6544
3925 -20.6603
3926 -20.6661
3927 -20.672
3928 -20.6778
3929 -20.6837
3930 -20.6895
3931 -20.6954
3932 -20.7012
3933 -20.7071
3934 -20.7129
3935 -20.7188
3936 -20.7246
3937 -20.7305
3938 -20.7363
3939 -20.7422
3940 -20.748
3941 -20.7539
3942 -20.7597
3943 -20.7656
3944 -20.7714
3945 -20.7773
3946 -20.7832
3947 -20.789
3948 -20.7949
3949 -20.8007
3950 -20.8066
3951 -20.8124
3952 -20.8183
3953 -20.8241
3954 -20.83
3955 -20.8358
3956 -20.8417
3957 -20.8475
3958 -20.8534
3959 -20.8592
3960 -20.8651
3961 -20.8709
3962 -20.8768
3963 -20.8826
3964 -20.8885
3965 -20.8943
3966 -20.9002
3967 -20.906
3968 -20.9119
3969 -20.9177
3970 -20.9236
3971 -20.9294
3972 -20.9353
3973 -20.9411
3974 -20.947
3975 -20.9528
3976 -20.9587
3977 -20.9645
3978 -20.9704
3979 -20.9762
3980 -20.9821
3981 -20.9879
3982 -20.9938
3983 -20.9996
3984 -21.0055
3985 -21.0113
3986 -21.0172
3987 -21.023
3988 -21.0289
3989 -21.0347
3990 -21.0406
3991 -21.0464
3992 -21.0523
3993 -21.0581
3994 -21.064
3995 -21.0698
3996 -21.0757
3997 -21.0815
3998 -21.0874
3999 -21.0932
4000 -21.0991
4001 -21.1049
4002 -21.1108
4003 -21.1166
4004 -21.1225
4005 -21.1283
4006 -21.1342
4007 -21.14
4008 -21.1459
4009 -21.1517
4010 -21.1576
4011 -21.1634
4012 -21.1693
4013 -21.1751
4014 -21.181
4015 -21.1868
4016 -21.1927
4017 -21.1985
4018 -21.2044
4019 -21.2102
4020 -21.2161
4021 -21.2219
4022 -21.2278
4023 -21.2336
4024 -21.2395
4025 -21.2453
4026 -21.2512
4027 -21.257
4028 -21.2629
4029 -21.2687
4030 -21.2746
4031 -21.2804
4032 -21.2863
4033 -21.2921
4034 -21.298
4035 -21.3039
4036 -21.3097
4037 -21.3156
4038 -21.3214
4039 -21.3273
4040 -21.3331
4041 -21.339
4042 -21.3448
4043 -21.3507
4044 -21.3565
4045 -21.3624
4046 -21.3682
4047 -21.3741
4048 -21.3799
4049 -21.3858
4050 -21.3916
4051 -21.3975
4052 -21.4033
4053 -21.4092
4054 -21.415
4055 -21.4209
4056 -21.4267
4057 -21.4326
4058 -21.4384
4059 -21.4443
4060 -21.4501
4061 -21.456
4062 -21.4618
4063 -21.4677
4064 -21.4735
4065 -21.4794
4066 -21.4852
4067 -21.4911
4068 -21.4969
4069 -21.5028
4070 -21.5086
4071 -21.5145
4072 -21.5203
4073 -21.5262
4074 -21.532
4075 -21.5379
4076 -21.5437
4077 -21.5496
4078 -21.5554
4079 -21.5613
4080 -21.5671
4081 -21.573
4082 -21.5788
4083 -21.5847
4084 -21.5905
4085 -21.5964
4086 -21.6022
4087 -21.6081
4088 -21.6139
4089 -21.6198
4090 -21.6256
4091 -21.6315
4092 -21.6373
4093 -21.6432
4094 -21.649
4095 -21.6549
4096 -21.6607
4097 -21.6666
4098 -21.6724
4099 -21.6783
4100 -21.6841
4101 -21.69
4102 -21.6958
4103 -21.7017
4104 -21.7075
4105 -21.7134
4106 -21.7192
4107 -21.7251
4108 -21.7309
4109 -21.7368
4110 -21.7426
4111 -21.7485
4112 -21.7543
4113 -21.7602
4114 -21.766
4115 -21.7719
4116 -21.7778
4117 -21.7836
4118 -21.7894
4119 -21.7953
4120 -21.8012
4121 -21.807
4122 -21.8129
4123 -21.8187
4124 -21.8246
4125 -21.8304
4126 -21.8363
4127 -21.8421
4128 -21.848
4129 -21.8538
4130 -21.8597
4131 -21.8655
4132 -21.8714
4133 -21.8772
4134 -21.8831
4135 -21.8889
4136 -21.8948
4137 -21.9006
4138 -21.9065
4139 -21.9123
4140 -21.9182
4141 -21.924
4142 -21.9299
4143 -21.9357
4144 -21.9416
4145 -21.9474
4146 -21.9533
4147 -21.9591
4148 -21.965
4149 -21.9708
4150 -21.9767
4151 -21.9825
4152 -21.9884
4153 -21.9942
4154 -22.0001
4155 -22.0059
4156 -22.0118
4157 -22.0176
4158 -22.0235
4159 -22.0293
4160 -22.0352
4161 -22.041
4162 -22.0469
4163 -22.0527
4164 -22.0586
4165 -22.0644
4166 -22.0703
4167 -22.0761
4168 -22.082
4169 -22.0878
4170 -22.0937
4171 -22.0995
4172 -22.1054
4173 -22.1112
4174 -22.1171
4175 -22.1229
4176 -22.1288
4177 -22.1346
4178 -22.1405
4179 -22.1463
4180 -22.1522
4181 -22.158
4182 -22.1639
4183 -22.1697
4184 -22.1756
4185 -22.1814
4186 -22.1873
4187 -22.1931
4188 -22.199
4189 -22.2048
4190 -22.2107
4191 -22.2165
4192 -22.2224
4193 -22.2282
4194 -22.2341
4195 -22.24
4196 -22.2458
4197 -22.2517
4198 -22.2575
4199 -22.2634
4200 -22.2692
4201 -22.2751
4202 -22.2809
4203 -22.2868
4204 -22.2926
4205 -22.2985
4206 -22.3043
4207 -22.3102
4208 -22.316
4209 -22.3219
4210 -22.3277
4211 -22.3336
4212 -22.3394
4213 -22.3453
4214 -22.3511
4215 -22.357
4216 -22.3628
4217 -22.3687
4218 -22.3745
4219 -22.3804
4220 -22.3862
4221 -22.3921
4222 -22.3979
4223 -22.4038
4224 -22.4096
4225 -22.4155
4226 -22.4213
4227 -22.4272
4228 -22.433
4229 -22.4389
4230 -22.4447
4231 -22.4506
4232 -22.4564
4233 -22.4623
4234 -22.4681
4235 -22.474
4236 -22.4798
4237 -22.4857
4238 -22.4915
4239 -22.4974
4240 -22.5032
4241 -22.5091
4242 -22.5149
4243 -22.5208
4244 -22.5266
4245 -22.5325
4246 -22.5383
4247 -22.5441
4248 -22.55
4249 -22.5558
4250 -22.5617
4251 -22.5676
4252 -22.5734
4253 -22.5793
4254 -22.5851
4255 -22.591
4256 -22.5968
4257 -22.6027
4258 -22.6085
4259 -22.6143
4260 -22.6202
4261 -22.6261
4262 -22.6319
4263 -22.6378
4264 -22.6436
4265 -22.6495
4266 -22.6553
4267 -22.6612
4268 -22.667
4269 -22.6729
4270 -22.6787
4271 -22.6846
4272 -22.6904
4273 -22.6963
4274 -22.7021
4275 -22.708
4276 -22.7138
4277 -22.7197
4278 -22.7255
4279 -22.7314
4280 -22.7372
4281 -22.7431
4282 -22.7489
4283 -22.7548
4284 -22.7606
4285 -22.7665
4286 -22.7723
4287 -22.7782
4288 -22.784
4289 -22.7899
4290 -22.7957
4291 -22.8016
4292 -22.8074
4293 -22.8133
4294 -22.8192
4295 -22.825
4296 -22.8308
4297 -22.8367
4298 -22.8426
4299 -22.8484
4300 -22.8543
4301 -22.8601
4302 -22.8659
4303 -22.8718
4304 -22.8776
4305 -22.8835
4306 -22.8893
4307 -22.8952
4308 -22.901
4309 -22.9069
4310 -22.9128
4311 -22.9186
4312 -22.9245
4313 -22.9303
4314 -22.9362
4315 -22.942
4316 -22.9479
4317 -22.9537
4318 -22.9596
4319 -22.9654
4320 -22.9713
4321 -22.9771
4322 -22.983
4323 -22.9888
4324 -22.9947
4325 -23.0005
4326 -23.0064
4327 -23.0122
4328 -23.0181
4329 -23.0239
