0 4.60767
1 4.17129
2 3.95511
3 3.80572
4 3.69038
5 3.59598
6 3.51585
7 3.44609
8 3.38421
9 3.32855
10 3.2779
11 3.23138
12 3.18833
13 3.14824
14 3.11069
15 3.07536
16 3.04197
17 3.01031
18 2.98018
19 2.95142
20 2.92391
21 2.89752
22 2.87216
23 2.84774
24 2.82417
25 2.8014
26 2.77936
27 2.758
28 2.73727
29 2.71713
30 2.69753
31 2.67845
32 2.65985
33 2.6417
34 2.62398
35 2.60666
36 2.58972
37 2.57314
38 2.55689
39 2.54097
40 2.52535
41 2.51003
42 2.49498
43 2.4802
44 2.46567
45 2.45137
46 2.43731
47 2.42347
48 2.40984
49 2.39641
50 2.38318
51 2.37013
52 2.35725
53 2.34456
54 2.33202
55 2.31965
56 2.30742
57 2.29535
58 2.28342
59 2.27162
60 2.25996
61 2.24843
62 2.23702
63 2.22573
64 2.21456
65 2.20349
66 2.19254
67 2.18169
68 2.17095
69 2.1603
70 2.14975
71 2.13929
72 2.12893
73 2.11865
74 2.10845
75 2.09834
76 2.08831
77 2.07836
78 2.06848
79 2.05868
80 2.04895
81 2.03929
82 2.0297
83 2.02018
84 2.01072
85 2.00132
86 1.99199
87 1.98271
88 1.9735
89 1.96434
90 1.95524
91 1.94619
92 1.93719
93 1.92825
94 1.91936
95 1.91052
96 1.90172
97 1.89298
98 1.88427
99 1.87562
100 1.86701
101 1.85844
102 1.84991
103 1.84143
104 1.83299
105 1.82458
106 1.81622
107 1.80789
108 1.7996
109 1.79135
110 1.78313
111 1.77494
112 1.7668
113 1.75868
114 1.7506
115 1.74255
116 1.73453
117 1.72654
118 1.71858
119 1.71065
120 1.70275
121 1.69488
122 1.68704
123 1.67923
124 1.67144
125 1.66368
126 1.65594
127 1.64823
128 1.64054
129 1.63288
130 1.62525
131 1.61763
132 1.61004
133 1.60248
134 1.59493
135 1.58741
136 1.57991
137 1.57243
138 1.56497
139 1.55753
140 1.55012
141 1.54272
142 1.53534
143 1.52798
144 1.52064
145 1.51331
146 1.50601
147 1.49872
148 1.49145
149 1.4842
150 1.47697
151 1.46975
152 1.46255
153 1.45536
154 1.44819
155 1.44103
156 1.4339
157 1.42677
158 1.41966
159 1.41257
160 1.40549
161 1.39842
162 1.39137
163 1.38433
164 1.3773
165 1.37029
166 1.36329
167 1.35631
168 1.34933
169 1.34237
170 1.33542
171 1.32849
172 1.32156
173 1.31465
174 1.30775
175 1.30086
176 1.29398
177 1.28711
178 1.28025
179 1.2734
180 1.26657
181 1.25974
182 1.25293
183 1.24612
184 1.23932
185 1.23254
186 1.22576
187 1.21899
188 1.21224
189 1.20549
190 1.19875
191 1.19202
192 1.18529
193 1.17858
194 1.17188
195 1.16518
196 1.15849
197 1.15181
198 1.14514
199 1.13847
200 1.13182
201 1.12517
202 1.11853
203 1.11189
204 1.10527
205 1.09865
206 1.09203
207 1.08543
208 1.07883
209 1.07224
210 1.06566
211 1.05908
212 1.05251
213 1.04594
214 1.03938
215 1.03283
216 1.02628
217 1.01974
218 1.01321
219 1.00668
220 1.00016
221 0.993644
222 0.987133
223 0.980628
224 0.974128
225 0.967634
226 0.961145
227 0.954662
228 0.948184
229 0.941711
230 0.935243
231 0.92878
232 0.922322
233 0.915869
234 0.909421
235 0.902977
236 0.896539
237 0.890105
238 0.883675
239 0.87725
240 0.870829
241 0.864413
242 0.858001
243 0.851594
244 0.84519
245 0.838791
246 0.832396
247 0.826005
248 0.819617
249 0.813234
250 0.806855
251 0.800479
252 0.794108
253 0.78774
254 0.781375
255 0.775015
256 0.768658
257 0.762304
258 0.755954
259 0.749608
260 0.743264
261 0.736924
262 0.730588
263 0.724255
264 0.717925
265 0.711598
266 0.705274
267 0.698953
268 0.692636
269 0.686321
270 0.68001
271 0.673701
272 0.667395
273 0.661092
274 0.654792
275 0.648495
276 0.6422
277 0.635909
278 0.629619
279 0.623333
280 0.617049
281 0.610768
282 0.604489
283 0.598213
284 0.591939
285 0.585668
286 0.579399
287 0.573132
288 0.566868
289 0.560606
290 0.554347
291 0.548089
292 0.541834
293 0.535582
294 0.529331
295 0.523082
296 0.516836
297 0.510592
298 0.50435
299 0.498109
300 0.491871
301 0.485635
302 0.479401
303 0.473169
304 0.466938
305 0.46071
306 0.454483
307 0.448258
308 0.442035
309 0.435814
310 0.429595
311 0.423377
312 0.417162
313 0.410947
314 0.404735
315 0.398524
316 0.392315
317 0.386107
318 0.379901
319 0.373697
320 0.367494
321 0.361293
322 0.355093
323 0.348895
324 0.342698
325 0.336503
326 0.330309
327 0.324117
328 0.317925
329 0.311736
330 0.305548
331 0.299361
332 0.293175
333 0.286991
334 0.280808
335 0.274626
336 0.268446
337 0.262267
338 0.256089
339 0.249912
340 0.243737
341 0.237563
342 0.23139
343 0.225218
344 0.219047
345 0.212878
346 0.206709
347 0.200542
348 0.194376
349 0.18821
350 0.182046
351 0.175883
352 0.169721
353 0.16356
354 0.1574
355 0.151241
356 0.145084
357 0.138927
358 0.132771
359 0.126615
360 0.120461
361 0.114308
362 0.108156
363 0.102005
364 0.0958541
365 0.0897045
366 0.0835558
367 0.0774079
368 0.071261
369 0.0651148
370 0.0589695
371 0.052825
372 0.0466813
373 0.0405385
374 0.0343964
375 0.0282551
376 0.0221145
377 0.0159748
378 0.00983574
379 0.00369746
380 -0.00244008
381 -0.00857689
382 -0.014713
383 -0.0208484
384 -0.0269831
385 -0.0331171
386 -0.0392504
387 -0.0453831
388 -0.051515
389 -0.0576464
390 -0.0637771
391 -0.0699071
392 -0.0760365
393 -0.0821653
394 -0.0882934
395 -0.094421
396 -0.100548
397 -0.106674
398 -0.1128
399 -0.118925
400 -0.12505
401 -0.131174
402 -0.137297
403 -0.14342
404 -0.149543
405 -0.155665
406 -0.161786
407 -0.167907
408 -0.174027
409 -0.180147
410 -0.186266
411 -0.192385
412 -0.198503
413 -0.204621
414 -0.210738
415 -0.216855
416 -0.222972
417 -0.229087
418 -0.235203
419 -0.241318
420 -0.247432
421 -0.253546
422 -0.25966
423 -0.265773
424 -0.271886
425 -0.277999
426 -0.284111
427 -0.290222
428 -0.296333
429 -0.302444
430 -0.308554
431 -0.314664
432 -0.320774
433 -0.326883
434 -0.332992
435 -0.3391
436 -0.345209
437 -0.351316
438 -0.357424
439 -0.363531
440 -0.369637
441 -0.375744
442 -0.38185
443 -0.387955
444 -0.394061
445 -0.400166
446 -0.40627
447 -0.412375
448 -0.418479
449 -0.424582
450 -0.430686
451 -0.436789
452 -0.442892
453 -0.448994
454 -0.455096
455 -0.461198
456 -0.4673
457 -0.473401
458 -0.479502
459 -0.485603
460 -0.491704
461 -0.497804
462 -0.503904
463 -0.510004
464 -0.516103
465 -0.522202
466 -0.528301
467 -0.5344
468 -0.540499
469 -0.546597
470 -0.552695
471 -0.558792
472 -0.56489
473 -0.570987
474 -0.577084
475 -0.583181
476 -0.589278
477 -0.595374
478 -0.60147
479 -0.607566
480 -0.613662
481 -0.619757
482 -0.625853
483 -0.631948
484 -0.638043
485 -0.644137
486 -0.650232
487 -0.656326
488 -0.66242
489 -0.668514
490 -0.674608
491 -0.680701
492 -0.686795
493 -0.692888
494 -0.698981
495 -0.705074
496 -0.711166
497 -0.717259
498 -0.723351
499 -0.729443
500 -0.735535
501 -0.741627
502 -0.747719
503 -0.75381
504 -0.759901
505 -0.765993
506 -0.772084
507 -0.778174
508 -0.784265
509 -0.790356
510 -0.796446
511 -0.802536
512 -0.808626
513 -0.814716
514 -0.820806
515 -0.826896
516 -0.832986
517 -0.839075
518 -0.845164
519 -0.851253
520 -0.857342
521 -0.863431
522 -0.86952
523 -0.875609
524 -0.881697
525 -0.887786
526 -0.893874
527 -0.899962
528 -0.90605
529 -0.912138
530 -0.918226
531 -0.924313
532 -0.930401
533 -0.936488
534 -0.942576
535 -0.948663
536 -0.95475
537 -0.960837
538 -0.966924
539 -0.973011
540 -0.979098
541 -0.985184
542 -0.991271
543 -0.997357
544 -1.00344
545 -1.00953
546 -1.01562
547 -1.0217
548 -1.02779
549 -1.03387
550 -1.03996
551 -1.04605
552 -1.05213
553 -1.05822
554 -1.0643
555 -1.07039
556 -1.07647
557 -1.08256
558 -1.08864
559 -1.09473
560 -1.10081
561 -1.1069
562 -1.11298
563 -1.11907
564 -1.12515
565 -1.13124
566 -1.13732
567 -1.1434
568 -1.14949
569 -1.15557
570 -1.16166
571 -1.16774
572 -1.17383
573 -1.17991
574 -1.18599
575 -1.19208
576 -1.19816
577 -1.20424
578 -1.21033
579 -1.21641
580 -1.2225
581 -1.22858
582 -1.23466
583 -1.24075
584 -1.24683
585 -1.25291
586 -1.259
587 -1.26508
588 -1.27116
589 -1.27724
590 -1.28333
591 -1.28941
592 -1.29549
593 -1.30158
594 -1.30766
595 -1.31374
596 -1.31982
597 -1.32591
598 -1.33199
599 -1.33807
600 -1.34415
601 -1.35024
602 -1.35632
603 -1.3624
604 -1.36848
605 -1.37457
606 -1.38065
607 -1.38673
608 -1.39281
609 -1.39889
610 -1.40498
611 -1.41106
612 -1.41714
613 -1.42322
614 -1.4293
615 -1.43538
616 -1.44147
617 -1.44755
618 -1.45363
619 -1.45971
620 -1.46579
621 -1.47187
622 -1.47796
623 -1.48404
624 -1.49012
625 -1.4962
626 -1.50228
627 -1.50836
628 -1.51444
629 -1.52052
630 -1.52661
631 -1.53269
632 -1.53877
633 -1.54485
634 -1.55093
635 -1.55701
636 -1.56309
637 -1.56917
638 -1.57525
639 -1.58134
640 -1.58742
641 -1.5935
642 -1.59958
643 -1.60566
644 -1.61174
645 -1.61782
646 -1.6239
647 -1.62998
648 -1.63606
649 -1.64214
650 -1.64822
651 -1.6543
652 -1.66038
653 -1.66647
654 -1.67255
655 -1.67863
656 -1.68471
657 -1.69079
658 -1.69687
659 -1.70295
660 -1.70903
661 -1.71511
662 -1.72119
663 -1.72727
664 -1.73335
665 -1.73943
666 -1.74551
667 -1.75159
668 -1.75767
669 -1.76375
670 -1.76983
671 -1.77591
672 -1.78199
673 -1.78807
674 -1.79415
675 -1.80023
676 -1.80631
677 -1.81239
678 -1.81847
679 -1.82455
680 -1.83063
681 -1.83671
682 -1.84279
683 -1.84887
684 -1.85495
685 -1.86103
686 -1.86711
687 -1.87319
688 -1.87927
689 -1.88535
690 -1.89143
691 -1.89751
692 -1.90359
693 -1.90967
694 -1.91575
695 -1.92183
696 -1.92791
697 -1.93399
698 -1.94007
699 -1.94615
700 -1.95223
701 -1.9583
702 -1.96438
703 -1.97046
704 -1.97654
705 -1.98262
706 -1.9887
707 -1.99478
708 -2.00086
709 -2.00694
710 -2.01302
711 -2.0191
712 -2.02518
713 -2.03126
714 -2.03734
715 -2.04342
716 -2.0495
717 -2.05558
718 -2.06166
719 -2.06774
720 -2.07381
721 -2.07989
722 -2.08597
723 -2.09205
724 -2.09813
725 -2.10421
726 -2.11029
727 -2.11637
728 -2.12245
729 -2.12853
730 -2.13461
731 -2.14069
732 -2.14677
733 -2.15285
734 -2.15892
735 -2.165
736 -2.17108
737 -2.17716
738 -2.18324
739 -2.18932
740 -2.1954
741 -2.20148
742 -2.20756
743 -2.21364
744 -2.21972
745 -2.2258
746 -2.23187
747 -2.23795
748 -2.24403
749 -2.25011
750 -2.25619
751 -2.26227
752 -2.26835
753 -2.27443
754 -2.28051
755 -2.28659
756 -2.29266
757 -2.29874
758 -2.30482
759 -2.3109
760 -2.31698
761 -2.32306
762 -2.32914
763 -2.33522
764 -2.3413
765 -2.34738
766 -2.35345
767 -2.35953
768 -2.36561
769 -2.37169
770 -2.37777
771 -2.38385
772 -2.38993
773 -2.39601
774 -2.40209
775 -2.40817
776 -2.41424
777 -2.42032
778 -2.4264
779 -2.43248
780 -2.43856
781 -2.44464
782 -2.45072
783 -2.4568
784 -2.46287
785 -2.46895
786 -2.47503
787 -2.48111
788 -2.48719
789 -2.49327
790 -2.49935
791 -2.50543
792 -2.51151
793 -2.51758
794 -2.52366
795 -2.52974
796 -2.53582
797 -2.5419
798 -2.54798
799 -2.55406
800 -2.56014
801 -2.56621
802 -2.57229
803 -2.57837
804 -2.58445
805 -2.59053
806 -2.59661
807 -2.60269
808 -2.60877
809 -2.61484
810 -2.62092
811 -2.627
812 -2.63308
813 -2.63916
814 -2.64524
815 -2.65132
816 -2.6574
817 -2.66347
818 -2.66955
819 -2.67563
820 -2.68171
821 -2.68779
822 -2.69387
823 -2.69995
824 -2.70603
825 -2.7121
826 -2.71818
827 -2.72426
828 -2.73034
829 -2.73642
830 -2.7425
831 -2.74858
832 -2.75466
833 -2.76073
834 -2.76681
835 -2.77289
836 -2.77897
837 -2.78505
838 -2.79113
839 -2.79721
840 -2.80328
841 -2.80936
842 -2.81544
843 -2.82152
844 -2.8276
845 -2.83368
846 -2.83976
847 -2.84583
848 -2.85191
849 -2.85799
850 -2.86407
851 -2.87015
852 -2.87623
853 -2.88231
854 -2.88839
855 -2.89446
856 -2.90054
857 -2.90662
858 -2.9127
859 -2.91878
860 -2.92486
861 -2.93094
862 -2.93701
863 -2.94309
864 -2.94917
865 -2.95525
866 -2.96133
867 -2.96741
868 -2.97349
869 -2.97956
870 -2.98564
871 -2.99172
872 -2.9978
873 -3.00388
874 -3.00996
875 -3.01604
876 -3.02211
877 -3.02819
878 -3.03427
879 -3.04035
880 -3.04643
881 -3.05251
882 -3.05859
883 -3.06466
884 -3.07074
885 -3.07682
886 -3.0829
887 -3.08898
888 -3.09506
889 -3.10114
890 -3.10721
891 -3.11329
892 -3.11937
893 -3.12545
894 -3.13153
895 -3.13761
896 -3.14369
897 -3.14976
898 -3.15584
899 -3.16192
900 -3.168
901 -3.17408
902 -3.18016
903 -3.18623
904 -3.19231
905 -3.19839
906 -3.20447
907 -3.21055
908 -3.21663
909 -3.22271
910 -3.22878
911 -3.23486
912 -3.24094
913 -3.24702
914 -3.2531
915 -3.25918
916 -3.26526
917 -3.27133
918 -3.27741
919 -3.28349
920 -3.28957
921 -3.29565
922 -3.30173
923 -3.30781
924 -3.31388
925 -3.31996
926 -3.32604
927 -3.33212
928 -3.3382
929 -3.34428
930 -3.35035
931 -3.35643
932 -3.36251
933 -3.36859
934 -3.37467
935 -3.38075
936 -3.38683
937 -3.3929
938 -3.39898
939 -3.40506
940 -3.41114
941 -3.41722
942 -3.4233
943 -3.42938
944 -3.43545
945 -3.44153
946 -3.44761
947 -3.45369
948 -3.45977
949 -3.46585
950 -3.47192
951 -3.478
952 -3.48408
953 -3.49016
954 -3.49624
955 -3.50232
956 -3.5084
957 -3.51447
958 -3.52055
959 -3.52663
960 -3.53271
961 -3.53879
962 -3.54487
963 -3.55095
964 -3.55702
965 -3.5631
966 -3.56918
967 -3.57526
968 -3.58134
969 -3.58742
970 -3.59349
971 -3.59957
972 -3.60565
973 -3.61173
974 -3.61781
975 -3.62389
976 -3.62997
977 -3.63604
978 -3.64212
979 -3.6482
980 -3.65428
981 -3.66036
982 -3.66644
983 -3.67251
984 -3.67859
985 -3.68467
986 -3.69075
987 -3.69683
988 -3.70291
989 -3.70899
990 -3.71506
991 -3.72114
992 -3.72722
993 -3.7333
994 -3.73938
995 -3.74546
996 -3.75153
997 -3.75761
998 -3.76369
999 -3.76977
1000 -3.77585
1001 -3.78193
1002 -3.78801
1003 -3.79408
1004 -3.80016
1005 -3.80624
1006 -3.81232
1007 -3.8184
1008 -3.82448
1009 -3.83055
1010 -3.83663
1011 -3.84271
1012 -3.84879
1013 -3.85487
1014 -3.86095
1015 -3.86703
1016 -3.8731
1017 -3.87918
1018 -3.88526
1019 -3.89134
1020 -3.89742
1021 -3.9035
1022 -3.90957
1023 -3.91565
1024 -3.92173
1025 -3.92781
1026 -3.93389
1027 -3.93997
1028 -3.94605
1029 -3.95212
1030 -3.9582
1031 -3.96428
1032 -3.97036
1033 -3.97644
1034 -3.98252
1035 -3.98859
1036 -3.99467
1037 -4.00075
1038 -4.00683
1039 -4.01291
1040 -4.01899
1041 -4.02507
1042 -4.03114
1043 -4.03722
1044 -4.0433
1045 -4.04938
1046 -4.05546
1047 -4.06154
1048 -4.06761
1049 -4.07369
1050 -4.07977
1051 -4.08585
1052 -4.09193
1053 -4.09801
1054 -4.10409
1055 -4.11016
1056 -4.11624
1057 -4.12232
1058 -4.1284
1059 -4.13448
1060 -4.14056
1061 -4.14663
1062 -4.15271
1063 -4.15879
1064 -4.16487
1065 -4.17095
1066 -4.17703
1067 -4.18311
1068 -4.18918
1069 -4.19526
1070 -4.20134
1071 -4.20742
1072 -4.2135
1073 -4.21958
1074 -4.22565
1075 -4.23173
1076 -4.23781
1077 -4.24389
1078 -4.24997
1079 -4.25605
1080 -4.26213
1081 -4.2682
1082 -4.27428
1083 -4.28036
1084 -4.28644
1085 -4.29252
1086 -4.2986
1087 -4.30467
1088 -4.31075
1089 -4.31683
1090 -4.32291
1091 -4.32899
1092 -4.33507
1093 -4.34115
1094 -4.34722
1095 -4.3533
1096 -4.35938
1097 -4.36546
1098 -4.37154
1099 -4.37762
1100 -4.38369
1101 -4.38977
1102 -4.39585
1103 -4.40193
1104 -4.40801
1105 -4.41409
1106 -4.42016
1107 -4.42624
1108 -4.43232
1109 -4.4384
1110 -4.44448
1111 -4.45056
1112 -4.45664
1113 -4.46271
1114 -4.46879
1115 -4.47487
1116 -4.48095
1117 -4.48703
1118 -4.49311
1119 -4.49918
1120 -4.50526
1121 -4.51134
1122 -4.51742
1123 -4.5235
1124 -4.52958
1125 -4.53566
1126 -4.54173
1127 -4.54781
1128 -4.55389
1129 -4.55997
1130 -4.56605
1131 -4.57213
1132 -4.5782
1133 -4.58428
1134 -4.59036
1135 -4.59644
1136 -4.60252
1137 -4.6086
1138 -4.61467
1139 -4.62075
1140 -4.62683
1141 -4.63291
1142 -4.63899
1143 -4.64507
1144 -4.65115
1145 -4.65722
1146 -4.6633
1147 -4.66938
1148 -4.67546
1149 -4.68154
1150 -4.68762
1151 -4.69369
1152 -4.69977
1153 -4.70585
1154 -4.71193
1155 -4.71801
1156 -4.72409
1157 -4.73017
1158 -4.73624
1159 -4.74232
1160 -4.7484
1161 -4.75448
1162 -4.76056
1163 -4.76664
1164 -4.77271
1165 -4.77879
1166 -4.78487
1167 -4.79095
1168 -4.79703
1169 -4.80311
1170 -4.80919
1171 -4.81526
1172 -4.82134
1173 -4.82742
1174 -4.8335
1175 -4.83958
1176 -4.84566
1177 -4.85173
1178 -4.85781
1179 -4.86389
1180 -4.86997
1181 -4.87605
1182 -4.88213
1183 -4.8882
1184 -4.89428
1185 -4.90036
1186 -4.90644
1187 -4.91252
1188 -4.9186
1189 -4.92468
1190 -4.93075
1191 -4.93683
1192 -4.94291
1193 -4.94899
1194 -4.95507
1195 -4.96115
1196 -4.96722
1197 -4.9733
1198 -4.97938
1199 -4.98546
1200 -4.99154
1201 -4.99762
1202 -5.0037
1203 -5.00977
1204 -5.01585
1205 -5.02193
1206 -5.02801
1207 -5.03409
1208 -5.04017
1209 -5.04624
1210 -5.05232
1211 -5.0584
1212 -5.06448
1213 -5.07056
1214 -5.07664
1215 -5.08271
1216 -5.08879
1217 -5.09487
1218 -5.10095
1219 -5.10703
1220 -5.11311
1221 -5.11919
1222 -5.12526
1223 -5.13134
1224 -5.13742
1225 -5.1435
1226 -5.14958
1227 -5.15566
1228 -5.16173
1229 -5.16781
1230 -5.17389
1231 -5.17997
1232 -5.18605
1233 -5.19213
1234 -5.19821
1235 -5.20428
1236 -5.21036
1237 -5.21644
1238 -5.22252
1239 -5.2286
1240 -5.23468
1241 -5.24075
1242 -5.24683
1243 -5.25291
1244 -5.25899
1245 -5.26507
1246 -5.27115
1247 -5.27722
1248 -5.2833
1249 -5.28938
1250 -5.29546
1251 -5.30154
1252 -5.30762
1253 -5.3137
1254 -5.31977
1255 -5.32585
1256 -5.33193
1257 -5.33801
1258 -5.34409
1259 -5.35017
1260 -5.35624
1261 -5.36232
1262 -5.3684
1263 -5.37448
1264 -5.38056
1265 -5.38664
1266 -5.39272
1267 -5.39879
1268 -5.40487
1269 -5.41095
1270 -5.41703
1271 -5.42311
1272 -5.42919
1273 -5.43526
1274 -5.44134
1275 -5.44742
1276 -5.4535
1277 -5.45958
1278 -5.46566
1279 -5.47173
1280 -5.47781
1281 -5.48389
1282 -5.48997
1283 -5.49605
1284 -5.50213
1285 -5.50821
1286 -5.51428
1287 -5.52036
1288 -5.52644
1289 -5.53252
1290 -5.5386
1291 -5.54468
1292 -5.55075
1293 -5.55683
1294 -5.56291
1295 -5.56899
1296 -5.57507
1297 -5.58115
1298 -5.58723
1299 -5.5933
1300 -5.59938
1301 -5.60546
1302 -5.61154
1303 -5.61762
1304 -5.6237
1305 -5.62977
1306 -5.63585
1307 -5.64193
1308 -5.64801
1309 -5.65409
1310 -5.66017
1311 -5.66624
1312 -5.67232
1313 -5.6784
1314 -5.68448
1315 -5.69056
1316 -5.69664
1317 -5.70272
1318 -5.70879
1319 -5.71487
1320 -5.72095
1321 -5.72703
1322 -5.73311
1323 -5.73919
1324 -5.74526
1325 -5.75134
1326 -5.75742
1327 -5.7635
1328 -5.76958
1329 -5.77566
1330 -5.78174
1331 -5.78781
1332 -5.79389
1333 -5.79997
1334 -5.80605
1335 -5.81213
1336 -5.81821
1337 -5.82428
1338 -5.83036
1339 -5.83644
1340 -5.84252
1341 -5.8486
1342 -5.85468
1343 -5.86075
1344 -5.86683
1345 -5.87291
1346 -5.87899
1347 -5.88507
1348 -5.89115
1349 -5.89723
1350 -5.9033
1351 -5.90938
1352 -5.91546
1353 -5.92154
1354 -5.92762
1355 -5.9337
1356 -5.93977
1357 -5.94585
1358 -5.95193
1359 -5.95801
1360 -5.96409
1361 -5.97017
1362 -5.97625
1363 -5.98232
1364 -5.9884
1365 -5.99448
1366 -6.00056
1367 -6.00664
1368 -6.01272
1369 -6.01879
1370 -6.02487
1371 -6.03095
1372 -6.03703
1373 -6.04311
1374 -6.04919
1375 -6.05526
1376 -6.06134
1377 -6.06742
1378 -6.0735
1379 -6.07958
1380 -6.08566
1381 -6.09174
1382 -6.09781
1383 -6.10389
1384 -6.10997
1385 -6.11605
1386 -6.12213
1387 -6.12821
1388 -6.13428
1389 -6.14036
1390 -6.14644
1391 -6.15252
1392 -6.1586
1393 -6.16468
1394 -6.17076
1395 -6.17683
1396 -6.18291
1397 -6.18899
1398 -6.19507
1399 -6.20115
1400 -6.20723
1401 -6.2133
1402 -6.21938
1403 -6.22546
1404 -6.23154
1405 -6.23762
1406 -6.2437
1407 -6.24977
1408 -6.25585
1409 -6.26193
1410 -6.26801
1411 -6.27409
1412 -6.28017
1413 -6.28625
1414 -6.29232
1415 -6.2984
1416 -6.30448
1417 -6.31056
1418 -6.31664
1419 -6.32272
1420 -6.32879
1421 -6.33487
1422 -6.34095
1423 -6.34703
1424 -6.35311
1425 -6.35919
1426 -6.36527
1427 -6.37134
1428 -6.37742
1429 -6.3835
1430 -6.38958
1431 -6.39566
1432 -6.40174
1433 -6.40781
1434 -6.41389
1435 -6.41997
1436 -6.42605
1437 -6.43213
1438 -6.43821
1439 -6.44428
1440 -6.45036
1441 -6.45644
1442 -6.46252
1443 -6.4686
1444 -6.47468
1445 -6.48076
1446 -6.48683
1447 -6.49291
1448 -6.49899
1449 -6.50507
1450 -6.51115
1451 -6.51723
1452 -6.5233
1453 -6.52938
1454 -6.53546
1455 -6.54154
1456 -6.54762
1457 -6.5537
1458 -6.55978
1459 -6.56585
1460 -6.57193
1461 -6.57801
1462 -6.58409
1463 -6.59017
1464 -6.59625
1465 -6.60232
1466 -6.6084
1467 -6.61448
1468 -6.62056
1469 -6.62664
1470 -6.63272
1471 -6.63879
1472 -6.64487
1473 -6.65095
1474 -6.65703
1475 -6.66311
1476 -6.66919
1477 -6.67527
1478 -6.68134
1479 -6.68742
1480 -6.6935
1481 -6.69958
1482 -6.70566
1483 -6.71174
1484 -6.71781
1485 -6.72389
1486 -6.72997
1487 -6.73605
1488 -6.74213
1489 -6.74821
1490 -6.75429
1491 -6.76036
1492 -6.76644
1493 -6.77252
1494 -6.7786
1495 -6.78468
1496 -6.79076
1497 -6.79683
1498 -6.80291
1499 -6.80899
1500 -6.81507
1501 -6.82115
1502 -6.82723
1503 -6.8333
1504 -6.83938
1505 -6.84546
1506 -6.85154
1507 -6.85762
1508 -6.8637
1509 -6.86978
1510 -6.87585
1511 -6.88193
1512 -6.88801
1513 -6.89409
1514 -6.90017
1515 -6.90625
1516 -6.91232
1517 -6.9184
1518 -6.92448
1519 -6.93056
1520 -6.93664
1521 -6.94272
1522 -6.94879
1523 -6.95487
1524 -6.96095
1525 -6.96703
1526 -6.97311
1527 -6.97919
1528 -6.98527
1529 -6.99134
1530 -6.99742
1531 -7.0035
1532 -7.00958
1533 -7.01566
1534 -7.02174
1535 -7.02781
1536 -7.03389
1537 -7.03997
1538 -7.04605
1539 -7.05213
1540 -7.05821
1541 -7.06429
1542 -7.07036
1543 -7.07644
1544 -7.08252
1545 -7.0886
1546 -7.09468
1547 -7.10076
1548 -7.10683
1549 -7.11291
1550 -7.11899
1551 -7.12507
1552 -7.13115
1553 -7.13723
1554 -7.1433
1555 -7.14938
1556 -7.15546
1557 -7.16154
1558 -7.16762
1559 -7.1737
1560 -7.17978
1561 -7.18585
1562 -7.19193
1563 -7.19801
1564 -7.20409
1565 -7.21017
1566 -7.21625
1567 -7.22232
1568 -7.2284
1569 -7.23448
1570 -7.24056
1571 -7.24664
1572 -7.25272
1573 -7.2588
1574 -7.26487
1575 -7.27095
1576 -7.27703
1577 -7.28311
1578 -7.28919
1579 -7.29527
1580 -7.30134
1581 -7.30742
1582 -7.3135
1583 -7.31958
1584 -7.32566
1585 -7.33174
1586 -7.33781
1587 -7.34389
1588 -7.34997
1589 -7.35605
1590 -7.36213
1591 -7.36821
1592 -7.37429
1593 -7.38036
1594 -7.38644
1595 -7.39252
1596 -7.3986
1597 -7.40468
1598 -7.41076
1599 -7.41683
1600 -7.42291
1601 -7.42899
1602 -7.43507
1603 -7.44115
1604 -7.44723
1605 -7.45331
1606 -7.45938
1607 -7.46546
1608 -7.47154
1609 -7.47762
1610 -7.4837
1611 -7.48978
1612 -7.49585
1613 -7.50193
1614 -7.50801
1615 -7.51409
1616 -7.52017
1617 -7.52625
1618 -7.53232
1619 -7.5384
1620 -7.54448
1621 -7.55056
1622 -7.55664
1623 -7.56272
1624 -7.5688
1625 -7.57487
1626 -7.58095
1627 -7.58703
1628 -7.59311
1629 -7.59919
1630 -7.60527
1631 -7.61134
1632 -7.61742
1633 -7.6235
1634 -7.62958
1635 -7.63566
1636 -7.64174
1637 -7.64782
1638 -7.65389
1639 -7.65997
1640 -7.66605
1641 -7.67213
1642 -7.67821
1643 -7.68429
1644 -7.69036
1645 -7.69644
1646 -7.70252
1647 -7.7086
1648 -7.71468
1649 -7.72076
1650 -7.72683
1651 -7.73291
1652 -7.73899
1653 -7.74507
1654 -7.75115
1655 -7.75723
1656 -7.76331
1657 -7.76938
1658 -7.77546
1659 -7.78154
1660 -7.78762
1661 -7.7937
1662 -7.79978
1663 -7.80585
1664 -7.81193
1665 -7.81801
1666 -7.82409
1667 -7.83017
1668 -7.83625
1669 -7.84233
1670 -7.8484
1671 -7.85448
1672 -7.86056
1673 -7.86664
1674 -7.87272
1675 -7.8788
1676 -7.88487
1677 -7.89095
1678 -7.89703
1679 -7.90311
1680 -7.90919
1681 -7.91527
1682 -7.92134
1683 -7.92742
1684 -7.9335
1685 -7.93958
1686 -7.94566
1687 -7.95174
1688 -7.95782
1689 -7.96389
1690 -7.96997
1691 -7.97605
1692 -7.98213
1693 -7.98821
1694 -7.99429
1695 -8.00036
1696 -8.00644
1697 -8.01252
1698 -8.0186
1699 -8.02468
1700 -8.03076
1701 -8.03684
1702 -8.04291
1703 -8.04899
1704 -8.05507
1705 -8.06115
1706 -8.06723
1707 -8.07331
1708 -8.07938
1709 -8.08546
1710 -8.09154
1711 -8.09762
1712 -8.1037
1713 -8.10978
1714 -8.11585
1715 -8.12193
1716 -8.12801
1717 -8.13409
1718 -8.14017
1719 -8.14625
1720 -8.15233
1721 -8.1584
1722 -8.16448
1723 -8.17056
1724 -8.17664
1725 -8.18272
1726 -8.1888
1727 -8.19487
1728 -8.20095
1729 -8.20703
1730 -8.21311
1731 -8.21919
1732 -8.22527
1733 -8.23135
1734 -8.23742
1735 -8.2435
1736 -8.24958
1737 -8.25566
1738 -8.26174
1739 -8.26782
1740 -8.27389
1741 -8.27997
1742 -8.28605
1743 -8.29213
1744 -8.29821
1745 -8.30429
1746 -8.31036
1747 -8.31644
1748 -8.32252
1749 -8.3286
1750 -8.33468
1751 -8.34076
1752 -8.34684
1753 -8.35291
1754 -8.35899
1755 -8.36507
1756 -8.37115
1757 -8.37723
1758 -8.38331
1759 -8.38938
1760 -8.39546
1761 -8.40154
1762 -8.40762
1763 -8.4137
1764 -8.41978
1765 -8.42586
1766 -8.43193
1767 -8.43801
1768 -8.44409
1769 -8.45017
1770 -8.45625
1771 -8.46233
1772 -8.4684
1773 -8.47448
1774 -8.48056
1775 -8.48664
1776 -8.49272
1777 -8.4988
1778 -8.50487
1779 -8.51095
1780 -8.51703
1781 -8.52311
1782 -8.52919
1783 -8.53527
1784 -8.54135
1785 -8.54742
1786 -8.5535
1787 -8.55958
1788 -8.56566
1789 -8.57174
1790 -8.57782
1791 -8.58389
1792 -8.58997
1793 -8.59605
1794 -8.60213
1795 -8.60821
1796 -8.61429
1797 -8.62036
1798 -8.62644
1799 -8.63252
1800 -8.6386
1801 -8.64468
1802 -8.65076
1803 -8.65684
1804 -8.66291
1805 -8.66899
1806 -8.67507
1807 -8.68115
1808 -8.68723
1809 -8.69331
1810 -8.69938
1811 -8.70546
1812 -8.71154
1813 -8.71762
1814 -8.7237
1815 -8.72978
1816 -8.73586
1817 -8.74193
1818 -8.74801
1819 -8.75409
1820 -8.76017
1821 -8.76625
1822 -8.77233
1823 -8.7784
1824 -8.78448
1825 -8.79056
1826 -8.79664
1827 -8.80272
1828 -8.8088
1829 -8.81487
1830 -8.82095
1831 -8.82703
1832 -8.83311
1833 -8.83919
1834 -8.84527
1835 -8.85135
1836 -8.85742
1837 -8.8635
1838 -8.86958
1839 -8.87566
1840 -8.88174
1841 -8.88782
1842 -8.89389
1843 -8.89997
1844 -8.90605
1845 -8.91213
1846 -8.91821
1847 -8.92429
1848 -8.93037
1849 -8.93644
1850 -8.94252
1851 -8.9486
1852 -8.95468
1853 -8.96076
1854 -8.96684
1855 -8.97291
1856 -8.97899
1857 -8.98507
1858 -8.99115
1859 -8.99723
1860 -9.00331
1861 -9.00938
1862 -9.01546
1863 -9.02154
1864 -9.02762
1865 -9.0337
1866 -9.03978
1867 -9.04586
1868 -9.05193
1869 -9.05801
1870 -9.06409
1871 -9.07017
1872 -9.07625
1873 -9.08233
1874 -9.0884
1875 -9.09448
1876 -9.10056
1877 -9.10664
1878 -9.11272
1879 -9.1188
1880 -9.12488
1881 -9.13095
1882 -9.13703
1883 -9.14311
1884 -9.14919
1885 -9.15527
1886 -9.16135
1887 -9.16742
1888 -9.1735
1889 -9.17958
1890 -9.18566
1891 -9.19174
1892 -9.19782
1893 -9.20389
1894 -9.20997
1895 -9.21605
1896 -9.22213
1897 -9.22821
1898 -9.23429
1899 -9.24037
1900 -9.24644
1901 -9.25252
1902 -9.2586
1903 -9.26468
1904 -9.27076
1905 -9.27684
1906 -9.28291
1907 -9.28899
1908 -9.29507
1909 -9.30115
1910 -9.30723
1911 -9.31331
1912 -9.31939
1913 -9.32546
1914 -9.33154
1915 -9.33762
1916 -9.3437
1917 -9.34978
1918 -9.35586
1919 -9.36193
1920 -9.36801
1921 -9.37409
1922 -9.38017
1923 -9.38625
1924 -9.39233
1925 -9.3984
1926 -9.40448
1927 -9.41056
1928 -9.41664
1929 -9.42272
1930 -9.4288
1931 -9.43488
1932 -9.44095
1933 -9.44703
1934 -9.45311
1935 -9.45919
1936 -9.46527
1937 -9.47135
1938 -9.47742
1939 -9.4835
1940 -9.48958
1941 -9.49566
1942 -9.50174
1943 -9.50782
1944 -9.5139
1945 -9.51997
1946 -9.52605
1947 -9.53213
1948 -9.53821
1949 -9.54429
1950 -9.55037
1951 -9.55644
1952 -9.56252
1953 -9.5686
1954 -9.57468
1955 -9.58076
1956 -9.58684
1957 -9.59291
1958 -9.59899
1959 -9.60507
1960 -9.61115
1961 -9.61723
1962 -9.62331
1963 -9.62939
1964 -9.63546
1965 -9.64154
1966 -9.64762
1967 -9.6537
1968 -9.65978
1969 -9.66586
1970 -9.67193
1971 -9.67801
1972 -9.68409
1973 -9.69017
1974 -9.69625
1975 -9.70233
1976 -9.70841
1977 -9.71448
1978 -9.72056
1979 -9.72664
1980 -9.73272
1981 -9.7388
1982 -9.74488
1983 -9.75095
1984 -9.75703
1985 -9.76311
1986 -9.76919
1987 -9.77527
1988 -9.78135
1989 -9.78742
1990 -9.7935
1991 -9.79958
1992 -9.80566
1993 -9.81174
1994 -9.81782
1995 -9.8239
1996 -9.82997
1997 -9.83605
1998 -9.84213
1999 -9.84821
2000 -9.85429
2001 -9.86037
2002 -9.86644
2003 -9.87252
2004 -9.8786
2005 -9.88468
2006 -9.89076
2007 -9.89684
2008 -9.90292
2009 -9.90899
2010 -9.91507
2011 -9.92115
2012 -9.92723
2013 -9.93331
2014 -9.93939
2015 -9.94546
2016 -9.95154
2017 -9.95762
2018 -9.9637
2019 -9.96978
2020 -9.97586
2021 -9.98193
2022 -9.98801
2023 -9.99409
2024 -10.0002
2025 -10.0062
2026 -10.0123
2027 -10.0184
2028 -10.0245
2029 -10.0306
2030 -10.0366
2031 -10.0427
2032 -10.0488
2033 -10.0549
2034 -10.061
2035 -10.067
2036 -10.0731
2037 -10.0792
2038 -10.0853
2039 -10.0913
2040 -10.0974
2041 -10.1035
2042 -10.1096
2043 -10.1157
2044 -10.1217
2045 -10.1278
2046 -10.1339
2047 -10.14
2048 -10.1461
2049 -10.1521
2050 -10.1582
2051 -10.1643
2052 -10.1704
2053 -10.1764
2054 -10.1825
2055 -10.1886
2056 -10.1947
2057 -10.2008
2058 -10.2068
2059 -10.2129
2060 -10.219
2061 -10.2251
2062 -10.2312
2063 -10.2372
2064 -10.2433
2065 -10.2494
2066 -10.2555
2067 -10.2615
2068 -10.2676
2069 -10.2737
2070 -10.2798
2071 -10.2859
2072 -10.2919
2073 -10.298
2074 -10.3041
2075 -10.3102
2076 -10.3162
2077 -10.3223
2078 -10.3284
2079 -10.3345
2080 -10.3406
2081 -10.3466
2082 -10.3527
2083 -10.3588
2084 -10.3649
2085 -10.371
2086 -10.377
2087 -10.3831
2088 -10.3892
2089 -10.3953
2090 -10.4013
2091 -10.4074
2092 -10.4135
2093 -10.4196
2094 -10.4257
2095 -10.4317
2096 -10.4378
2097 -10.4439
2098 -10.45
2099 -10.4561
2100 -10.4621
2101 -10.4682
2102 -10.4743
2103 -10.4804
2104 -10.4864
2105 -10.4925
2106 -10.4986
2107 -10.5047
2108 -10.5108
2109 -10.5168
2110 -10.5229
2111 -10.529
2112 -10.5351
2113 -10.5412
2114 -10.5472
2115 -10.5533
2116 -10.5594
2117 -10.5655
2118 -10.5715
2119 -10.5776
2120 -10.5837
2121 -10.5898
2122 -10.5959
2123 -10.6019
2124 -10.608
2125 -10.6141
2126 -10.6202
2127 -10.6262
2128 -10.6323
2129 -10.6384
2130 -10.6445
2131 -10.6506
2132 -10.6566
2133 -10.6627
2134 -10.6688
2135 -10.6749
2136 -10.681
2137 -10.687
2138 -10.6931
2139 -10.6992
2140 -10.7053
2141 -10.7113
2142 -10.7174
2143 -10.7235
2144 -10.7296
2145 -10.7357
2146 -10.7417
2147 -10.7478
2148 -10.7539
2149 -10.76
2150 -10.7661
2151 -10.7721
2152 -10.7782
2153 -10.7843
2154 -10.7904
2155 -10.7964
2156 -10.8025
2157 -10.8086
2158 -10.8147
2159 -10.8208
2160 -10.8268
2161 -10.8329
2162 -10.839
2163 -10.8451
2164 -10.8512
2165 -10.8572
2166 -10.8633
2167 -10.8694
2168 -10.8755
2169 -10.8815
2170 -10.8876
2171 -10.8937
2172 -10.8998
2173 -10.9059
2174 -10.9119
2175 -10.918
2176 -10.9241
2177 -10.9302
2178 -10.9362
2179 -10.9423
2180 -10.9484
2181 -10.9545
2182 -10.9606
2183 -10.9666
2184 -10.9727
2185 -10.9788
2186 -10.9849
2187 -10.991
2188 -10.997
2189 -11.0031
2190 -11.0092
2191 -11.0153
2192 -11.0213
2193 -11.0274
2194 -11.0335
2195 -11.0396
2196 -11.0457
2197 -11.0517
2198 -11.0578
2199 -11.0639
2200 -11.07
2201 -11.0761
2202 -11.0821
2203 -11.0882
2204 -11.0943
2205 -11.1004
2206 -11.1064
2207 -11.1125
2208 -11.1186
2209 -11.1247
2210 -11.1308
2211 -11.1368
2212 -11.1429
2213 -11.149
2214 -11.1551
2215 -11.1612
2216 -11.1672
2217 -11.1733
2218 -11.1794
2219 -11.1855
2220 -11.1915
2221 -11.1976
2222 -11.2037
2223 -11.2098
2224 -11.2159
2225 -11.2219
2226 -11.228
2227 -11.2341
2228 -11.2402
2229 -11.2462
2230 -11.2523
2231 -11.2584
2232 -11.2645
2233 -11.2706
2234 -11.2766
2235 -11.2827
2236 -11.2888
2237 -11.2949
2238 -11.301
2239 -11.307
2240 -11.3131
2241 -11.3192
2242 -11.3253
2243 -11.3313
2244 -11.3374
2245 -11.3435
2246 -11.3496
2247 -11.3557
2248 -11.3617
2249 -11.3678
2250 -11.3739
2251 -11.38
2252 -11.3861
2253 -11.3921
2254 -11.3982
2255 -11.4043
2256 -11.4104
2257 -11.4164
2258 -11.4225
2259 -11.4286
2260 -11.4347
2261 -11.4408
2262 -11.4468
2263 -11.4529
2264 -11.459
2265 -11.4651
2266 -11.4712
2267 -11.4772
2268 -11.4833
2269 -11.4894
2270 -11.4955
2271 -11.5015
2272 -11.5076
2273 -11.5137
2274 -11.5198
2275 -11.5259
2276 -11.5319
2277 -11.538
2278 -11.5441
2279 -11.5502
2280 -11.5562
2281 -11.5623
2282 -11.5684
2283 -11.5745
2284 -11.5806
2285 -11.5866
2286 -11.5927
2287 -11.5988
2288 -11.6049
2289 -11.611
2290 -11.617
2291 -11.6231
2292 -11.6292
2293 -11.6353
2294 -11.6413
2295 -11.6474
2296 -11.6535
2297 -11.6596
2298 -11.6657
2299 -11.6717
2300 -11.6778
2301 -11.6839
2302 -11.69
2303 -11.6961
2304 -11.7021
2305 -11.7082
2306 -11.7143
2307 -11.7204
2308 -11.7264
2309 -11.7325
2310 -11.7386
2311 -11.7447
2312 -11.7508
2313 -11.7568
2314 -11.7629
2315 -11.769
2316 -11.7751
2317 -11.7812
2318 -11.7872
2319 -11.7933
2320 -11.7994
2321 -11.8055
2322 -11.8115
2323 -11.8176
2324 -11.8237
2325 -11.8298
2326 -11.8359
2327 -11.8419
2328 -11.848
2329 -11.8541
2330 -11.8602
2331 -11.8662
2332 -11.8723
2333 -11.8784
2334 -11.8845
2335 -11.8906
2336 -11.8966
2337 -11.9027
2338 -11.9088
2339 -11.9149
2340 -11.921
2341 -11.927
2342 -11.9331
2343 -11.9392
2344 -11.9453
2345 -11.9513
2346 -11.9574
2347 -11.9635
2348 -11.9696
2349 -11.9757
2350 -11.9817
2351 -11.9878
2352 -11.9939
2353 -12
2354 -12.0061
2355 -12.0121
2356 -12.0182
2357 -12.0243
2358 -12.0304
2359 -12.0364
2360 -12.0425
2361 -12.0486
2362 -12.0547
2363 -12.0608
2364 -12.0668
2365 -12.0729
2366 -12.079
2367 -12.0851
2368 -12.0912
2369 -12.0972
2370 -12.1033
2371 -12.1094
2372 -12.1155
2373 -12.1215
2374 -12.1276
2375 -12.1337
2376 -12.1398
2377 -12.1459
2378 -12.1519
2379 -12.158
2380 -12.1641
2381 -12.1702
2382 -12.1763
2383 -12.1823
2384 -12.1884
2385 -12.1945
2386 -12.2006
2387 -12.2066
2388 -12.2127
2389 -12.2188
2390 -12.2249
2391 -12.231
2392 -12.237
2393 -12.2431
2394 -12.2492
2395 -12.2553
2396 -12.2613
2397 -12.2674
2398 -12.2735
2399 -12.2796
2400 -12.2857
2401 -12.2917
2402 -12.2978
2403 -12.3039
2404 -12.31
2405 -12.3161
2406 -12.3221
2407 -12.3282
2408 -12.3343
2409 -12.3404
2410 -12.3464
2411 -12.3525
2412 -12.3586
2413 -12.3647
2414 -12.3708
2415 -12.3768
2416 -12.3829
2417 -12.389
2418 -12.3951
2419 -12.4012
2420 -12.4072
2421 -12.4133
2422 -12.4194
2423 -12.4255
2424 -12.4315
2425 -12.4376
2426 -12.4437
2427 -12.4498
2428 -12.4559
2429 -12.4619
2430 -12.468
2431 -12.4741
2432 -12.4802
2433 -12.4863
2434 -12.4923
2435 -12.4984
2436 -12.5045
2437 -12.5106
2438 -12.5166
2439 -12.5227
2440 -12.5288
2441 -12.5349
2442 -12.541
2443 -12.547
2444 -12.5531
2445 -12.5592
2446 -12.5653
2447 -12.5713
2448 -12.5774
2449 -12.5835
2450 -12.5896
2451 -12.5957
2452 -12.6017
2453 -12.6078
2454 -12.6139
2455 -12.62
2456 -12.6261
2457 -12.6321
2458 -12.6382
2459 -12.6443
2460 -12.6504
2461 -12.6564
2462 -12.6625
2463 -12.6686
2464 -12.6747
2465 -12.6808
2466 -12.6868
2467 -12.6929
2468 -12.699
2469 -12.7051
2470 -12.7112
2471 -12.7172
2472 -12.7233
2473 -12.7294
2474 -12.7355
2475 -12.7415
2476 -12.7476
2477 -12.7537
2478 -12.7598
2479 -12.7659
2480 -12.7719
2481 -12.778
2482 -12.7841
2483 -12.7902
2484 -12.7963
2485 -12.8023
2486 -12.8084
2487 -12.8145
2488 -12.8206
2489 -12.8266
2490 -12.8327
2491 -12.8388
2492 -12.8449
2493 -12.851
2494 -12.857
2495 -12.8631
2496 -12.8692
2497 -12.8753
2498 -12.8813
2499 -12.8874
2500 -12.8935
2501 -12.8996
2502 -12.9057
2503 -12.9117
2504 -12.9178
2505 -12.9239
2506 -12.93
2507 -12.9361
2508 -12.9421
2509 -12.9482
2510 -12.9543
2511 -12.9604
2512 -12.9664
2513 -12.9725
2514 -12.9786
2515 -12.9847
2516 -12.9908
2517 -12.9968
2518 -13.0029
2519 -13.009
2520 -13.0151
2521 -13.0212
2522 -13.0272
2523 -13.0333
2524 -13.0394
2525 -13.0455
2526 -13.0515
2527 -13.0576
2528 -13.0637
2529 -13.0698
2530 -13.0759
2531 -13.0819
2532 -13.088
2533 -13.0941
2534 -13.1002
2535 -13.1063
2536 -13.1123
2537 -13.1184
2538 -13.1245
2539 -13.1306
2540 -13.1366
2541 -13.1427
2542 -13.1488
2543 -13.1549
2544 -13.161
2545 -13.167
2546 -13.1731
2547 -13.1792
2548 -13.1853
2549 -13.1913
2550 -13.1974
2551 -13.2035
2552 -13.2096
2553 -13.2157
2554 -13.2217
2555 -13.2278
2556 -13.2339
2557 -13.24
2558 -13.2461
2559 -13.2521
2560 -13.2582
2561 -13.2643
2562 -13.2704
2563 -13.2764
2564 -13.2825
2565 -13.2886
2566 -13.2947
2567 -13.3008
2568 -13.3068
2569 -13.3129
2570 -13.319
2571 -13.3251
2572 -13.3312
2573 -13.3372
2574 -13.3433
2575 -13.3494
2576 -13.3555
2577 -13.3615
2578 -13.3676
2579 -13.3737
2580 -13.3798
2581 -13.3859
2582 -13.3919
2583 -13.398
2584 -13.4041
2585 -13.4102
2586 -13.4163
2587 -13.4223
2588 -13.4284
2589 -13.4345
2590 -13.4406
2591 -13.4466
2592 -13.4527
2593 -13.4588
2594 -13.4649
2595 -13.471
2596 -13.477
2597 -13.4831
2598 -13.4892
2599 -13.4953
2600 -13.5013
2601 -13.5074
2602 -13.5135
2603 -13.5196
2604 -13.5257
2605 -13.5317
2606 -13.5378
2607 -13.5439
2608 -13.55
2609 -13.5561
2610 -13.5621
2611 -13.5682
2612 -13.5743
2613 -13.5804
2614 -13.5864
2615 -13.5925
2616 -13.5986
2617 -13.6047
2618 -13.6108
2619 -13.6168
2620 -13.6229
2621 -13.629
2622 -13.6351
2623 -13.6412
2624 -13.6472
2625 -13.6533
2626 -13.6594
2627 -13.6655
2628 -13.6715
2629 -13.6776
2630 -13.6837
2631 -13.6898
2632 -13.6959
2633 -13.7019
2634 -13.708
2635 -13.7141
2636 -13.7202
2637 -13.7263
2638 -13.7323
2639 -13.7384
2640 -13.7445
2641 -13.7506
2642 -13.7566
2643 -13.7627
2644 -13.7688
2645 -13.7749
2646 -13.781
2647 -13.787
2648 -13.7931
2649 -13.7992
2650 -13.8053
2651 -13.8113
2652 -13.8174
2653 -13.8235
2654 -13.8296
2655 -13.8357
2656 -13.8417
2657 -13.8478
2658 -13.8539
2659 -13.86
2660 -13.8661
2661 -13.8721
2662 -13.8782
2663 -13.8843
2664 -13.8904
2665 -13.8964
2666 -13.9025
2667 -13.9086
2668 -13.9147
2669 -13.9208
2670 -13.9268
2671 -13.9329
2672 -13.939
2673 -13.9451
2674 -13.9512
2675 -13.9572
2676 -13.9633
2677 -13.9694
2678 -13.9755
2679 -13.9815
2680 -13.9876
2681 -13.9937
2682 -13.9998
2683 -14.0059
2684 -14.0119
2685 -14.018
2686 -14.0241
2687 -14.0302
2688 -14.0363
2689 -14.0423
2690 -14.0484
2691 -14.0545
2692 -14.0606
2693 -14.0666
2694 -14.0727
2695 -14.0788
2696 -14.0849
2697 -14.091
2698 -14.097
2699 -14.1031
2700 -14.1092
2701 -14.1153
2702 -14.1213
2703 -14.1274
2704 -14.1335
2705 -14.1396
2706 -14.1457
2707 -14.1517
2708 -14.1578
2709 -14.1639
2710 -14.17
2711 -14.1761
2712 -14.1821
2713 -14.1882
2714 -14.1943
2715 -14.2004
2716 -14.2064
2717 -14.2125
2718 -14.2186
2719 -14.2247
2720 -14.2308
2721 -14.2368
2722 -14.2429
2723 -14.249
2724 -14.2551
2725 -14.2612
2726 -14.2672
2727 -14.2733
2728 -14.2794
2729 -14.2855
2730 -14.2915
2731 -14.2976
2732 -14.3037
2733 -14.3098
2734 -14.3159
2735 -14.3219
2736 -14.328
2737 -14.3341
2738 -14.3402
2739 -14.3463
2740 -14.3523
2741 -14.3584
2742 -14.3645
2743 -14.3706
2744 -14.3766
2745 -14.3827
2746 -14.3888
2747 -14.3949
2748 -14.401
2749 -14.407
2750 -14.4131
2751 -14.4192
2752 -14.4253
2753 -14.4314
2754 -14.4374
2755 -14.4435
2756 -14.4496
2757 -14.4557
2758 -14.4617
2759 -14.4678
2760 -14.4739
2761 -14.48
2762 -14.4861
2763 -14.4921
2764 -14.4982
2765 -14.5043
2766 -14.5104
2767 -14.5164
2768 -14.5225
2769 -14.5286
2770 -14.5347
2771 -14.5408
2772 -14.5468
2773 -14.5529
2774 -14.559
2775 -14.5651
2776 -14.5712
2777 -14.5772
2778 -14.5833
2779 -14.5894
2780 -14.5955
2781 -14.6015
2782 -14.6076
2783 -14.6137
2784 -14.6198
2785 -14.6259
2786 -14.6319
2787 -14.638
2788 -14.6441
2789 -14.6502
2790 -14.6563
2791 -14.6623
2792 -14.6684
2793 -14.6745
2794 -14.6806
2795 -14.6866
2796 -14.6927
2797 -14.6988
2798 -14.7049
2799 -14.711
2800 -14.717
2801 -14.7231
2802 -14.7292
2803 -14.7353
2804 -14.7414
2805 -14.7474
2806 -14.7535
2807 -14.7596
2808 -14.7657
2809 -14.7717
2810 -14.7778
2811 -14.7839
2812 -14.79
2813 -14.7961
2814 -14.8021
2815 -14.8082
2816 -14.8143
2817 -14.8204
2818 -14.8264
2819 -14.8325
2820 -14.8386
2821 -14.8447
2822 -14.8508
2823 -14.8568
2824 -14.8629
2825 -14.869
2826 -14.8751
2827 -14.8812
2828 -14.8872
2829 -14.8933
2830 -14.8994
2831 -14.9055
2832 -14.9115
2833 -14.9176
2834 -14.9237
2835 -14.9298
2836 -14.9359
2837 -14.9419
2838 -14.948
2839 -14.9541
2840 -14.9602
2841 -14.9663
2842 -14.9723
2843 -14.9784
2844 -14.9845
2845 -14.9906
2846 -14.9966
2847 -15.0027
2848 -15.0088
2849 -15.0149
2850 -15.021
2851 -15.027
2852 -15.0331
2853 -15.0392
2854 -15.0453
2855 -15.0514
2856 -15.0574
2857 -15.0635
2858 -15.0696
2859 -15.0757
2860 -15.0817
2861 -15.0878
2862 -15.0939
2863 -15.1
2864 -15.1061
2865 -15.1121
2866 -15.1182
2867 -15.1243
2868 -15.1304
2869 -15.1364
2870 -15.1425
2871 -15.1486
2872 -15.1547
2873 -15.1608
2874 -15.1668
2875 -15.1729
2876 -15.179
2877 -15.1851
2878 -15.1912
2879 -15.1972
2880 -15.2033
2881 -15.2094
2882 -15.2155
2883 -15.2215
2884 -15.2276
2885 -15.2337
2886 -15.2398
2887 -15.2459
2888 -15.2519
2889 -15.258
2890 -15.2641
2891 -15.2702
2892 -15.2763
2893 -15.2823
2894 -15.2884
2895 -15.2945
2896 -15.3006
2897 -15.3066
2898 -15.3127
2899 -15.3188
2900 -15.3249
2901 -15.331
2902 -15.337
2903 -15.3431
2904 -15.3492
2905 -15.3553
2906 -15.3614
2907 -15.3674
2908 -15.3735
2909 -15.3796
2910 -15.3857
2911 -15.3917
2912 -15.3978
2913 -15.4039
2914 -15.41
2915 -15.4161
2916 -15.4221
2917 -15.4282
2918 -15.4343
2919 -15.4404
2920 -15.4464
2921 -15.4525
2922 -15.4586
2923 -15.4647
2924 -15.4708
2925 -15.4768
2926 -15.4829
2927 -15.489
2928 -15.4951
2929 -15.5012
2930 -15.5072
2931 -15.5133
2932 -15.5194
2933 -15.5255
2934 -15.5315
2935 -15.5376
2936 -15.5437
2937 -15.5498
2938 -15.5559
2939 -15.5619
2940 -15.568
2941 -15.5741
2942 -15.5802
2943 -15.5863
2944 -15.5923
2945 -15.5984
2946 -15.6045
2947 -15.6106
2948 -15.6166
2949 -15.6227
2950 -15.6288
2951 -15.6349
2952 -15.641
2953 -15.647
2954 -15.6531
2955 -15.6592
2956 -15.6653
2957 -15.6714
2958 -15.6774
2959 -15.6835
2960 -15.6896
2961 -15.6957
2962 -15.7017
2963 -15.7078
2964 -15.7139
2965 -15.72
2966 -15.7261
2967 -15.7321
2968 -15.7382
2969 -15.7443
2970 -15.7504
2971 -15.7564
2972 -15.7625
2973 -15.7686
2974 -15.7747
2975 -15.7808
2976 -15.7868
2977 -15.7929
2978 -15.799
2979 -15.8051
2980 -15.8112
2981 -15.8172
2982 -15.8233
2983 -15.8294
2984 -15.8355
2985 -15.8415
2986 -15.8476
2987 -15.8537
2988 -15.8598
2989 -15.8659
2990 -15.8719
2991 -15.878
2992 -15.8841
2993 -15.8902
2994 -15.8963
2995 -15.9023
2996 -15.9084
2997 -15.9145
2998 -15.9206
2999 -15.9266
3000 -15.9327
3001 -15.9388
3002 -15.9449
3003 -15.951
3004 -15.957
3005 -15.9631
3006 -15.9692
3007 -15.9753
3008 -15.9814
3009 -15.9874
3010 -15.9935
3011 -15.9996
3012 -16.0057
3013 -16.0117
3014 -16.0178
3015 -16.0239
3016 -16.03
3017 -16.0361
3018 -16.0421
3019 -16.0482
3020 -16.0543
3021 -16.0604
3022 -16.0664
3023 -16.0725
3024 -16.0786
3025 -16.0847
3026 -16.0908
3027 -16.0968
3028 -16.1029
3029 -16.109
3030 -16.1151
3031 -16.1212
3032 -16.1272
3033 -16.1333
3034 -16.1394
3035 -16.1455
3036 -16.1515
3037 -16.1576
3038 -16.1637
3039 -16.1698
3040 -16.1759
3041 -16.1819
3042 -16.188
3043 -16.1941
3044 -16.2002
3045 -16.2063
3046 -16.2123
3047 -16.2184
3048 -16.2245
3049 -16.2306
3050 -16.2366
3051 -16.2427
3052 -16.2488
3053 -16.2549
3054 -16.261
3055 -16.267
3056 -16.2731
3057 -16.2792
3058 -16.2853
3059 -16.2914
3060 -16.2974
3061 -16.3035
3062 -16.3096
3063 -16.3157
3064 -16.3217
3065 -16.3278
3066 -16.3339
3067 -16.34
3068 -16.3461
3069 -16.3521
3070 -16.3582
3071 -16.3643
3072 -16.3704
3073 -16.3764
3074 -16.3825
3075 -16.3886
3076 -16.3947
3077 -16.4008
3078 -16.4068
3079 -16.4129
3080 -16.419
3081 -16.4251
3082 -16.4312
3083 -16.4372
3084 -16.4433
3085 -16.4494
3086 -16.4555
3087 -16.4615
3088 -16.4676
3089 -16.4737
3090 -16.4798
3091 -16.4859
3092 -16.4919
3093 -16.498
3094 -16.5041
3095 -16.5102
3096 -16.5163
3097 -16.5223
3098 -16.5284
3099 -16.5345
3100 -16.5406
3101 -16.5466
3102 -16.5527
3103 -16.5588
3104 -16.5649
3105 -16.571
3106 -16.577
3107 -16.5831
3108 -16.5892
3109 -16.5953
3110 -16.6014
3111 -16.6074
3112 -16.6135
3113 -16.6196
3114 -16.6257
3115 -16.6317
3116 -16.6378
3117 -16.6439
3118 -16.65
3119 -16.6561
3120 -16.6621
3121 -16.6682
3122 -16.6743
3123 -16.6804
3124 -16.6864
3125 -16.6925
3126 -16.6986
3127 -16.7047
3128 -16.7108
3129 -16.7168
3130 -16.7229
3131 -16.729
3132 -16.7351
3133 -16.7412
3134 -16.7472
3135 -16.7533
3136 -16.7594
3137 -16.7655
3138 -16.7715
3139 -16.7776
3140 -16.7837
3141 -16.7898
3142 -16.7959
3143 -16.8019
3144 -16.808
3145 -16.8141
3146 -16.8202
3147 -16.8263
3148 -16.8323
3149 -16.8384
3150 -16.8445
3151 -16.8506
3152 -16.8566
3153 -16.8627
3154 -16.8688
3155 -16.8749
3156 -16.881
3157 -16.887
3158 -16.8931
3159 -16.8992
3160 -16.9053
3161 -16.9114
3162 -16.9174
3163 -16.9235
3164 -16.9296
3165 -16.9357
3166 -16.9417
3167 -16.9478
3168 -16.9539
3169 -16.96
3170 -16.9661
3171 -16.9721
3172 -16.9782
3173 -16.9843
3174 -16.9904
3175 -16.9965
3176 -17.0025
3177 -17.0086
3178 -17.0147
3179 -17.0208
3180 -17.0268
3181 -17.0329
3182 -17.039
3183 -17.0451
3184 -17.0512
3185 -17.0572
3186 -17.0633
3187 -17.0694
3188 -17.0755
3189 -17.0815
3190 -17.0876
3191 -17.0937
3192 -17.0998
3193 -17.1059
3194 -17.1119
3195 -17.118
3196 -17.1241
3197 -17.1302
3198 -17.1363
3199 -17.1423
3200 -17.1484
3201 -17.1545
3202 -17.1606
3203 -17.1666
3204 -17.1727
3205 -17.1788
3206 -17.1849
3207 -17.191
3208 -17.197
3209 -17.2031
3210 -17.2092
3211 -17.2153
3212 -17.2214
3213 -17.2274
3214 -17.2335
3215 -17.2396
3216 -17.2457
3217 -17.2517
3218 -17.2578
3219 -17.2639
3220 -17.27
3221 -17.2761
3222 -17.2821
3223 -17.2882
3224 -17.2943
3225 -17.3004
3226 -17.3065
3227 -17.3125
3228 -17.3186
3229 -17.3247
3230 -17.3308
3231 -17.3368
3232 -17.3429
3233 -17.349
3234 -17.3551
3235 -17.3612
3236 -17.3672
3237 -17.3733
3238 -17.3794
3239 -17.3855
3240 -17.3915
3241 -17.3976
3242 -17.4037
3243 -17.4098
3244 -17.4159
3245 -17.4219
3246 -17.428
3247 -17.4341
3248 -17.4402
3249 -17.4463
3250 -17.4523
3251 -17.4584
3252 -17.4645
3253 -17.4706
3254 -17.4766
3255 -17.4827
3256 -17.4888
3257 -17.4949
3258 -17.501
3259 -17.507
3260 -17.5131
3261 -17.5192
3262 -17.5253
3263 -17.5314
3264 -17.5374
3265 -17.5435
3266 -17.5496
3267 -17.5557
3268 -17.5617
3269 -17.5678
3270 -17.5739
3271 -17.58
3272 -17.5861
3273 -17.5921
3274 -17.5982
3275 -17.6043
3276 -17.6104
3277 -17.6165
3278 -17.6225
3279 -17.6286
3280 -17.6347
3281 -17.6408
3282 -17.6468
3283 -17.6529
3284 -17.659
3285 -17.6651
3286 -17.6712
3287 -17.6772
3288 -17.6833
3289 -17.6894
3290 -17.6955
3291 -17.7015
3292 -17.7076
3293 -17.7137
3294 -17.7198
3295 -17.7259
3296 -17.7319
3297 -17.738
3298 -17.7441
3299 -17.7502
3300 -17.7563
3301 -17.7623
3302 -17.7684
3303 -17.7745
3304 -17.7806
3305 -17.7866
3306 -17.7927
3307 -17.7988
3308 -17.8049
3309 -17.811
3310 -17.817
3311 -17.8231
3312 -17.8292
3313 -17.8353
3314 -17.8414
3315 -17.8474
3316 -17.8535
3317 -17.8596
3318 -17.8657
3319 -17.8717
3320 -17.8778
3321 -17.8839
3322 -17.89
3323 -17.8961
3324 -17.9021
3325 -17.9082
3326 -17.9143
3327 -17.9204
3328 -17.9265
3329 -17.9325
3330 -17.9386
3331 -17.9447
3332 -17.9508
3333 -17.9568
3334 -17.9629
3335 -17.969
3336 -17.9751
3337 -17.9812
3338 -17.9872
3339 -17.9933
3340 -17.9994
3341 -18.0055
3342 -18.0115
3343 -18.0176
3344 -18.0237
3345 -18.0298
3346 -18.0359
3347 -18.0419
3348 -18.048
3349 -18.0541
3350 -18.0602
3351 -18.0663
3352 -18.0723
3353 -18.0784
3354 -18.0845
3355 -18.0906
3356 -18.0966
3357 -18.1027
3358 -18.1088
3359 -18.1149
3360 -18.121
3361 -18.127
3362 -18.1331
3363 -18.1392
3364 -18.1453
3365 -18.1514
3366 -18.1574
3367 -18.1635
3368 -18.1696
3369 -18.1757
3370 -18.1817
3371 -18.1878
3372 -18.1939
3373 -18.2
3374 -18.2061
3375 -18.2121
3376 -18.2182
3377 -18.2243
3378 -18.2304
3379 -18.2365
3380 -18.2425
3381 -18.2486
3382 -18.2547
3383 -18.2608
3384 -18.2668
3385 -18.2729
3386 -18.279
3387 -18.2851
3388 -18.2912
3389 -18.2972
3390 -18.3033
3391 -18.3094
3392 -18.3155
3393 -18.3215
3394 -18.3276
3395 -18.3337
3396 -18.3398
3397 -18.3459
3398 -18.3519
3399 -18.358
3400 -18.3641
3401 -18.3702
3402 -18.3763
3403 -18.3823
3404 -18.3884
3405 -18.3945
3406 -18.4006
3407 -18.4066
3408 -18.4127
3409 -18.4188
3410 -18.4249
3411 -18.431
3412 -18.437
3413 -18.4431
3414 -18.4492
3415 -18.4553
3416 -18.4614
3417 -18.4674
3418 -18.4735
3419 -18.4796
3420 -18.4857
3421 -18.4917
3422 -18.4978
3423 -18.5039
3424 -18.51
3425 -18.5161
3426 -18.5221
3427 -18.5282
3428 -18.5343
3429 -18.5404
3430 -18.5465
3431 -18.5525
3432 -18.5586
3433 -18.5647
3434 -18.5708
3435 -18.5768
3436 -18.5829
3437 -18.589
3438 -18.5951
3439 -18.6012
3440 -18.6072
3441 -18.6133
3442 -18.6194
3443 -18.6255
3444 -18.6315
3445 -18.6376
3446 -18.6437
3447 -18.6498
3448 -18.6559
3449 -18.6619
3450 -18.668
3451 -18.6741
3452 -18.6802
3453 -18.6863
3454 -18.6923
3455 -18.6984
3456 -18.7045
3457 -18.7106
3458 -18.7166
3459 -18.7227
3460 -18.7288
3461 -18.7349
3462 -18.741
3463 -18.747
3464 -18.7531
3465 -18.7592
3466 -18.7653
3467 -18.7714
3468 -18.7774
3469 -18.7835
3470 -18.7896
3471 -18.7957
3472 -18.8017
3473 -18.8078
3474 -18.8139
3475 -18.82
3476 -18.8261
3477 -18.8321
3478 -18.8382
3479 -18.8443
3480 -18.8504
3481 -18.8565
3482 -18.8625
3483 -18.8686
3484 -18.8747
3485 -18.8808
3486 -18.8868
3487 -18.8929
3488 -18.899
3489 -18.9051
3490 -18.9112
3491 -18.9172
3492 -18.9233
3493 -18.9294
3494 -18.9355
3495 -18.9415
3496 -18.9476
3497 -18.9537
3498 -18.9598
3499 -18.9659
3500 -18.9719
3501 -18.978
3502 -18.9841
3503 -18.9902
3504 -18.9963
3505 -19.0023
3506 -19.0084
3507 -19.0145
3508 -19.0206
3509 -19.0266
3510 -19.0327
3511 -19.0388
3512 -19.0449
3513 -19.051
3514 -19.057
3515 -19.0631
3516 -19.0692
3517 -19.0753
3518 -19.0814
3519 -19.0874
3520 -19.0935
3521 -19.0996
3522 -19.1057
3523 -19.1117
3524 -19.1178
3525 -19.1239
3526 -19.13
3527 -19.1361
3528 -19.1421
3529 -19.1482
3530 -19.1543
3531 -19.1604
3532 -19.1665
3533 -19.1725
3534 -19.1786
3535 -19.1847
3536 -19.1908
3537 -19.1968
3538 -19.2029
3539 -19.209
3540 -19.2151
3541 -19.2212
3542 -19.2272
3543 -19.2333
3544 -19.2394
3545 -19.2455
3546 -19.2515
3547 -19.2576
3548 -19.2637
3549 -19.2698
3550 -19.2759
3551 -19.2819
3552 -19.288
3553 -19.2941
3554 -19.3002
3555 -19.3063
3556 -19.3123
3557 -19.3184
3558 -19.3245
3559 -19.3306
3560 -19.3366
3561 -19.3427
3562 -19.3488
3563 -19.3549
3564 -19.361
3565 -19.367
3566 -19.3731
3567 -19.3792
3568 -19.3853
3569 -19.3914
3570 -19.3974
3571 -19.4035
3572 -19.4096
3573 -19.4157
3574 -19.4217
3575 -19.4278
3576 -19.4339
3577 -19.44
3578 -19.4461
3579 -19.4521
3580 -19.4582
3581 -19.4643
3582 -19.4704
3583 -19.4765
3584 -19.4825
3585 -19.4886
3586 -19.4947
3587 -19.5008
3588 -19.5068
3589 -19.5129
3590 -19.519
3591 -19.5251
3592 -19.5312
3593 -19.5372
3594 -19.5433
3595 -19.5494
3596 -19.5555
3597 -19.5615
3598 -19.5676
3599 -19.5737
3600 -19.5798
3601 -19.5859
3602 -19.5919
3603 -19.598
3604 -19.6041
3605 -19.6102
3606 -19.6163
3607 -19.6223
3608 -19.6284
3609 -19.6345
3610 -19.6406
3611 -19.6466
3612 -19.6527
3613 -19.6588
3614 -19.6649
3615 -19.671
3616 -19.677
3617 -19.6831
3618 -19.6892
3619 -19.6953
3620 -19.7014
3621 -19.7074
3622 -19.7135
3623 -19.7196
3624 -19.7257
3625 -19.7317
3626 -19.7378
3627 -19.7439
3628 -19.75
3629 -19.7561
3630 -19.7621
3631 -19.7682
3632 -19.7743
3633 -19.7804
3634 -19.7865
3635 -19.7925
3636 -19.7986
3637 -19.8047
3638 -19.8108
3639 -19.8168
3640 -19.8229
3641 -19.829
3642 -19.8351
3643 -19.8412
3644 -19.8472
3645 -19.8533
3646 -19.8594
3647 -19.8655
3648 -19.8715
3649 -19.8776
3650 -19.8837
3651 -19.8898
3652 -19.8959
3653 -19.9019
3654 -19.908
3655 -19.9141
3656 -19.9202
3657 -19.9263
3658 -19.9323
3659 -19.9384
3660 -19.9445
3661 -19.9506
3662 -19.9566
3663 -19.9627
3664 -19.9688
3665 -19.9749
3666 -19.981
3667 -19.987
3668 -19.9931
3669 -19.9992
3670 -20.0053
3671 -20.0114
3672 -20.0174
3673 -20.0235
3674 -20.0296
3675 -20.0357
3676 -20.0417
3677 -20.0478
3678 -20.0539
3679 -20.06
3680 -20.0661
3681 -20.0721
3682 -20.0782
3683 -20.0843
3684 -20.0904
3685 -20.0964
3686 -20.1025
3687 -20.1086
3688 -20.1147
3689 -20.1208
3690 -20.1268
3691 -20.1329
3692 -20.139
3693 -20.1451
3694 -20.1512
3695 -20.1572
3696 -20.1633
3697 -20.1694
3698 -20.1755
3699 -20.1815
3700 -20.1876
3701 -20.1937
3702 -20.1998
3703 -20.2059
3704 -20.2119
3705 -20.218
3706 -20.2241
3707 -20.2302
3708 -20.2363
3709 -20.2423
3710 -20.2484
3711 -20.2545
3712 -20.2606
3713 -20.2666
3714 -20.2727
3715 -20.2788
3716 -20.2849
3717 -20.291
3718 -20.297
3719 -20.3031
3720 -20.3092
3721 -20.3153
3722 -20.3214
3723 -20.3274
3724 -20.3335
3725 -20.3396
3726 -20.3457
3727 -20.3517
3728 -20.3578
3729 -20.3639
3730 -20.37
3731 -20.3761
3732 -20.3821
3733 -20.3882
3734 -20.3943
3735 -20.4004
3736 -20.4064
3737 -20.4125
3738 -20.4186
3739 -20.4247
3740 -20.4308
3741 -20.4368
3742 -20.4429
3743 -20.449
3744 -20.4551
3745 -20.4612
3746 -20.4672
3747 -20.4733
3748 -20.4794
3749 -20.4855
3750 -20.4915
3751 -20.4976
3752 -20.5037
3753 -20.5098
3754 -20.5159
3755 -20.5219
3756 -20.528
3757 -20.5341
3758 -20.5402
3759 -20.5463
3760 -20.5523
3761 -20.5584
3762 -20.5645
3763 -20.5706
3764 -20.5766
3765 -20.5827
3766 -20.5888
3767 -20.5949
3768 -20.601
3769 -20.607
3770 -20.6131
3771 -20.6192
3772 -20.6253
3773 -20.6313
3774 -20.6374
3775 -20.6435
3776 -20.6496
3777 -20.6557
3778 -20.6617
3779 -20.6678
3780 -20.6739
3781 -20.68
3782 -20.6861
3783 -20.6921
3784 -20.6982
3785 -20.7043
3786 -20.7104
3787 -20.7165
3788 -20.7225
3789 -20.7286
3790 -20.7347
3791 -20.7408
3792 -20.7468
3793 -20.7529
3794 -20.759
3795 -20.7651
3796 -20.7712
3797 -20.7772
3798 -20.7833
3799 -20.7894
3800 -20.7955
3801 -20.8015
3802 -20.8076
3803 -20.8137
3804 -20.8198
3805 -20.8259
3806 -20.8319
3807 -20.838
3808 -20.8441
3809 -20.8502
3810 -20.8563
3811 -20.8623
3812 -20.8684
3813 -20.8745
3814 -20.8806
3815 -20.8866
3816 -20.8927
3817 -20.8988
3818 -20.9049
3819 -20.911
3820 -20.917
3821 -20.9231
3822 -20.9292
3823 -20.9353
3824 -20.9414
3825 -20.9474
3826 -20.9535
3827 -20.9596
3828 -20.9657
3829 -20.9717
3830 -20.9778
3831 -20.9839
3832 -20.99
3833 -20.9961
3834 -21.0021
3835 -21.0082
3836 -21.0143
3837 -21.0204
3838 -21.0265
3839 -21.0325
3840 -21.0386
3841 -21.0447
3842 -21.0508
3843 -21.0568
3844 -21.0629
3845 -21.069
3846 -21.0751
3847 -21.0812
3848 -21.0872
3849 -21.0933
3850 -21.0994
3851 -21.1055
3852 -21.1115
3853 -21.1176
3854 -21.1237
3855 -21.1298
3856 -21.1359
3857 -21.1419
3858 -21.148
3859 -21.1541
3860 -21.1602
3861 -21.1663
3862 -21.1723
3863 -21.1784
3864 -21.1845
3865 -21.1906
3866 -21.1966
3867 -21.2027
3868 -21.2088
3869 -21.2149
3870 -21.221
3871 -21.227
3872 -21.2331
3873 -21.2392
3874 -21.2453
3875 -21.2514
3876 -21.2574
3877 -21.2635
3878 -21.2696
3879 -21.2757
3880 -21.2817
3881 -21.2878
3882 -21.2939
3883 -21.3
3884 -21.3061
3885 -21.3121
3886 -21.3182
3887 -21.3243
3888 -21.3304
3889 -21.3365
3890 -21.3425
3891 -21.3486
3892 -21.3547
3893 -21.3608
3894 -21.3669
3895 -21.3729
3896 -21.379
3897 -21.3851
3898 -21.3912
3899 -21.3972
3900 -21.4033
3901 -21.4094
3902 -21.4155
3903 -21.4216
3904 -21.4276
3905 -21.4337
3906 -21.4398
3907 -21.4459
3908 -21.4519
3909 -21.458
3910 -21.4641
3911 -21.4702
3912 -21.4763
3913 -21.4823
3914 -21.4884
3915 -21.4945
3916 -21.5006
3917 -21.5066
3918 -21.5127
3919 -21.5188
3920 -21.5249
3921 -21.531
3922 -21.537
3923 -21.5431
3924 -21.5492
3925 -21.5553
3926 -21.5613
3927 -21.5674
3928 -21.5735
3929 -21.5796
3930 -21.5857
3931 -21.5917
3932 -21.5978
3933 -21.6039
3934 -21.61
3935 -21.6161
3936 -21.6221
3937 -21.6282
3938 -21.6343
3939 -21.6404
3940 -21.6465
3941 -21.6525
3942 -21.6586
3943 -21.6647
3944 -21.6708
3945 -21.6768
3946 -21.6829
3947 -21.689
3948 -21.6951
3949 -21.7012
3950 -21.7072
3951 -21.7133
3952 -21.7194
3953 -21.7255
3954 -21.7316
3955 -21.7376
3956 -21.7437
3957 -21.7498
3958 -21.7559
3959 -21.7619
3960 -21.768
3961 -21.7741
3962 -21.7802
3963 -21.7863
3964 -21.7923
3965 -21.7984
3966 -21.8045
3967 -21.8106
3968 -21.8166
3969 -21.8227
3970 -21.8288
3971 -21.8349
3972 -21.841
3973 -21.847
3974 -21.8531
3975 -21.8592
3976 -21.8653
3977 -21.8714
3978 -21.8774
3979 -21.8835
3980 -21.8896
3981 -21.8957
3982 -21.9017
3983 -21.9078
3984 -21.9139
3985 -21.92
3986 -21.926
3987 -21.9321
3988 -21.9382
3989 -21.9443
3990 -21.9504
3991 -21.9564
3992 -21.9625
3993 -21.9686
3994 -21.9747
3995 -21.9808
3996 -21.9868
3997 -21.9929
3998 -21.999
3999 -22.0051
4000 -22.0111
4001 -22.0172
4002 -22.0233
4003 -22.0294
4004 -22.0355
4005 -22.0415
4006 -22.0476
4007 -22.0537
4008 -22.0598
4009 -22.0659
4010 -22.0719
4011 -22.078
4012 -22.0841
4013 -22.0902
4014 -22.0962
4015 -22.1023
4016 -22.1084
4017 -22.1145
4018 -22.1205
4019 -22.1266
4020 -22.1327
4021 -22.1388
4022 -22.1449
4023 -22.1509
4024 -22.157
4025 -22.1631
4026 -22.1692
4027 -22.1753
4028 -22.1813
4029 -22.1874
4030 -22.1935
4031 -22.1996
4032 -22.2057
4033 -22.2117
4034 -22.2178
4035 -22.2239
4036 -22.23
4037 -22.236
4038 -22.2421
4039 -22.2482
4040 -22.2543
4041 -22.2604
4042 -22.2664
4043 -22.2725
4044 -22.2786
4045 -22.2847
4046 -22.2908
4047 -22.2968
4048 -22.3029
4049 -22.309
4050 -22.3151
4051 -22.3211
4052 -22.3272
4053 -22.3333
4054 -22.3394
4055 -22.3454
4056 -22.3515
4057 -22.3576
4058 -22.3637
4059 -22.3698
4060 -22.3758
4061 -22.3819
4062 -22.388
4063 -22.3941
4064 -22.4002
4065 -22.4062
4066 -22.4123
4067 -22.4184
4068 -22.4245
4069 -22.4306
4070 -22.4366
4071 -22.4427
4072 -22.4488
4073 -22.4549
4074 -22.461
4075 -22.467
4076 -22.4731
4077 -22.4792
4078 -22.4853
4079 -22.4913
4080 -22.4974
4081 -22.5035
4082 -22.5096
4083 -22.5157
4084 -22.5217
4085 -22.5278
4086 -22.5339
4087 -22.54
4088 -22.546
4089 -22.5521
4090 -22.5582
4091 -22.5643
4092 -22.5704
4093 -22.5764
4094 -22.5825
4095 -22.5886
4096 -22.5947
4097 -22.6007
4098 -22.6068
4099 -22.6129
4100 -22.619
4101 -22.625
4102 -22.6311
4103 -22.6372
4104 -22.6433
4105 -22.6494
4106 -22.6554
4107 -22.6615
4108 -22.6676
4109 -22.6737
4110 -22.6798
4111 -22.6858
4112 -22.6919
4113 -22.698
4114 -22.7041
4115 -22.7101
4116 -22.7162
4117 -22.7223
4118 -22.7284
4119 -22.7345
4120 -22.7406
4121 -22.7466
4122 -22.7527
4123 -22.7588
4124 -22.7649
4125 -22.7709
4126 -22.777
4127 -22.7831
4128 -22.7892
4129 -22.7953
4130 -22.8013
4131 -22.8074
4132 -22.8135
4133 -22.8196
4134 -22.8256
4135 -22.8317
4136 -22.8378
4137 -22.8439
4138 -22.85
4139 -22.856
4140 -22.8621
4141 -22.8682
4142 -22.8743
4143 -22.8803
4144 -22.8864
4145 -22.8925
4146 -22.8986
4147 -22.9046
4148 -22.9107
4149 -22.9168
4150 -22.9229
4151 -22.929
4152 -22.935
4153 -22.9411
4154 -22.9472
4155 -22.9533
4156 -22.9594
4157 -22.9654
4158 -22.9715
4159 -22.9776
4160 -22.9837
4161 -22.9898
4162 -22.9959
4163 -23.0019
4164 -23.008
4165 -23.0141
4166 -23.0202
