3 -13.1224
4 -13.8155
5 -13.8155
6 -13.8155
7 -13.8155
8 -13.8155
9 -11.5129
10 -13.1224
11 -13.1224
12 -13.8155
13 -13.8155
14 -13.8155
15 -13.8155
16 -13.1224
17 -13.1224
18 -13.1224
19 -13.8155
20 -13.8155
21 -13.8155
22 -13.1224
23 -13.1224
24 -13.8155
25 -13.8155
26 -13.8155
27 -13.1224
28 -13.8155
29 -13.8155
30 -13.8155
31 -13.8155
32 -13.1224
33 -13.1224
34 -13.1224
35 -13.1224
36 -13.1224
37 -13.1224
38 -13.1224
39 -13.1224
40 -13.8155
41 -13.8155
42 -13.1224
43 -13.1224
44 -13.1224
45 -13.1224
46 -13.1224
47 -13.8155
48 -13.1224
49 -13.1224
50 -13.1224
51 -13.1224
52 -12.7169
53 -13.1224
54 -13.1224
55 -13.1224
56 -12.7169
57 -13.1224
58 -13.1224
59 -12.7169
60 -12.7169
61 -13.1224
62 -12.7169
63 -13.1224
64 -12.7169
65 -13.1224
66 -12.7169
67 -13.1224
68 -12.7169
69 -13.1224
70 -12.7169
71 -12.7169
72 -12.7169
73 -12.7169
74 -12.7169
75 -12.7169
76 -12.7169
77 -12.7169
78 -12.7169
79 -12.4292
80 -12.7169
81 -12.4292
82 -12.7169
83 -12.7169
84 -12.4292
85 -12.7169
86 -12.4292
87 -12.4292
88 -12.4292
89 -12.4292
90 -12.7169
91 -12.7169
92 -12.7169
93 -12.7169
94 -12.4292
95 -12.4292
96 -12.4292
97 -12.4292
98 -12.4292
99 -12.4292
100 -12.4292
101 -12.4292
102 -12.4292
103 -12.4292
104 -12.2061
105 -12.4292
106 -12.4292
107 -12.2061
108 -12.2061
109 -12.4292
110 -12.4292
111 -12.2061
112 -12.2061
113 -12.2061
114 -12.0238
115 -12.2061
116 -12.2061
117 -12.2061
118 -12.0238
119 -12.2061
120 -12.2061
121 -12.2061
122 -12.2061
123 -12.0238
124 -12.0238
125 -12.0238
126 -12.0238
127 -12.0238
128 -12.0238
129 -12.0238
130 -12.0238
131 -12.0238
132 -12.0238
133 -12.0238
134 -12.0238
135 -11.8696
136 -11.8696
137 -12.0238
138 -11.8696
139 -11.8696
140 -11.8696
141 -11.8696
142 -11.8696
143 -11.8696
144 -11.8696
145 -11.8696
146 -11.8696
147 -11.7361
148 -11.8696
149 -11.7361
150 -11.7361
151 -11.7361
152 -11.7361
153 -11.7361
154 -11.7361
155 -11.7361
156 -11.6183
157 -11.7361
158 -11.7361
159 -11.7361
160 -11.6183
161 -11.7361
162 -11.7361
163 -11.6183
164 -11.6183
165 -11.7361
166 -11.6183
167 -11.6183
168 -11.6183
169 -11.6183
170 -11.5129
171 -11.6183
172 -11.6183
173 -11.5129
174 -11.5129
175 -11.5129
176 -11.5129
177 -11.4176
178 -11.4176
179 -11.4176
180 -11.5129
181 -11.5129
182 -11.4176
183 -11.4176
184 -11.2506
185 -11.4176
186 -11.4176
187 -11.4176
188 -11.0429
189 -11.4176
190 -11.3306
191 -11.4176
192 -11.3306
193 -11.4176
194 -11.3306
195 -11.2506
196 -11.3306
197 -10.9251
198 -11.2506
199 -11.3306
200 -11.3306
201 -11.2506
202 -11.2506
203 -11.2506
204 -11.2506
205 -10.8711
206 -11.2506
207 -10.8711
208 -10.8198
209 -11.1765
210 -11.1765
211 -11.1075
212 -11.1075
213 -11.1075
214 -11.1075
215 -10.8198
216 -11.1075
217 -10.771
218 -10.771
219 -11.0429
220 -11.1075
221 -10.7245
222 -11.0429
223 -11.1075
224 -11.0429
225 -11.0429
226 -11.0429
227 -10.68
228 -10.6375
229 -10.68
230 -10.6375
231 -10.5574
232 -10.5574
233 -10.6375
234 -10.6375
235 -10.6375
236 -10.5966
237 -10.6375
238 -10.5574
239 -10.5574
240 -10.5574
241 -10.5574
242 -10.5574
243 -10.5574
244 -10.5574
245 -10.5197
246 -10.5197
247 -10.5574
248 -10.4143
249 -10.4833
250 -10.5197
251 -10.4833
252 -10.7245
253 -10.771
254 -10.4482
255 -10.4482
256 -10.3815
257 -10.4482
258 -10.4833
259 -10.4143
260 -10.4482
261 -10.3815
262 -10.3815
263 -10.4143
264 -10.4482
265 -10.3815
266 -10.7245
267 -10.3498
268 -10.3498
269 -10.3498
270 -10.3815
271 -10.3498
272 -10.68
273 -10.68
274 -10.68
275 -10.4143
276 -10.3498
277 -10.6375
278 -10.5197
279 -10.5966
280 -10.5574
281 -10.3815
282 -10.5966
283 -10.232
284 -10.4143
285 -10.3815
286 -10.4482
287 -10.2602
288 -10.2046
289 -10.3815
290 -10.5574
291 -10.5197
292 -10.5197
293 -10.5197
294 -10.5574
295 -10.5574
296 -10.5197
297 -10.5197
298 -10.4482
299 -10.4833
300 -10.4833
301 -10.2046
302 -10.1519
303 -10.1266
304 -10.1779
305 -10.1266
306 -10.1266
307 -10.1519
308 -10.4143
309 -10.4482
310 -10.4482
311 -10.4143
312 -10.4143
313 -10.4143
314 -10.4143
315 -10.3815
316 -10.3498
317 -10.3498
318 -10.2892
319 -10.2046
320 -10.0088
321 -10.3498
322 -10.2892
323 -10.2892
324 -10.319
325 -10.2892
326 -10.232
327 -10.1019
328 -10.319
329 -10.2892
330 -10.232
331 -10.232
332 -10.2602
333 -9.98687
334 -9.96536
335 -10.2046
336 -10.2046
337 -10.232
338 -10.232
339 -9.88368
340 -9.94431
341 -9.90349
342 -10.1519
343 -10.2046
344 -10.2046
345 -10.1779
346 -10.2046
347 -9.92369
348 -10.1266
349 -10.1519
350 -10.1779
351 -9.82653
352 -10.1019
353 -9.596
354 -9.92369
355 -10.0543
356 -10.1266
357 -10.1019
358 -10.1266
359 -10.1266
360 -10.1019
361 -10.0778
362 -9.55283
363 -9.84522
364 -9.80818
365 -9.84522
366 -10.0543
367 -10.0088
368 -10.0313
369 -10.0313
370 -10.0313
371 -9.92369
372 -10.0313
373 -9.72117
374 -9.5814
375 -9.70464
376 -9.92369
377 -9.61082
378 -10.0088
379 -9.98687
380 -10.0088
381 -9.62586
382 -9.64112
383 -9.92369
384 -9.92369
385 -9.72117
386 -9.79016
387 -9.67238
388 -9.64112
389 -9.94431
390 -9.92369
391 -9.92369
392 -9.92369
393 -9.94431
394 -9.55283
395 -9.65663
396 -9.65663
397 -9.56702
398 -9.67238
399 -9.48478
400 -9.51145
401 -9.4588
402 -9.64112
403 -9.53884
404 -9.26163
405 -9.52505
406 -9.51145
407 -9.18078
408 -9.73797
409 -9.70464
410 -9.51145
411 -9.75507
412 -9.77246
413 -9.75507
414 -9.68838
415 -9.73797
416 -9.77246
417 -9.80818
418 -9.79016
419 -9.77246
420 -9.72117
421 -9.75507
422 -9.70464
423 -9.73797
424 -9.72117
425 -9.75507
426 -9.75507
427 -9.72117
428 -9.73797
429 -9.72117
430 -9.70464
431 -9.64112
432 -9.67238
433 -9.70464
434 -9.65663
435 -9.68838
436 -9.70464
437 -9.70464
438 -9.61082
439 -9.62586
440 -9.596
441 -9.596
442 -9.43348
443 -9.5814
444 -9.67238
445 -9.51145
446 -9.65663
447 -9.596
448 -9.62586
449 -9.56702
450 -9.49802
451 -9.61082
452 -9.5814
453 -9.55283
454 -9.61082
455 -9.61082
456 -9.55283
457 -9.49802
458 -9.56702
459 -9.47171
460 -9.56702
461 -9.56702
462 -9.49802
463 -9.53884
464 -9.3496
465 -9.48478
466 -9.48478
467 -9.51145
468 -9.47171
469 -9.39667
470 -9.44606
471 -9.16155
472 -9.29372
473 -9.37286
474 -9.51145
475 -9.42106
476 -9.49802
477 -9.44606
478 -9.48478
479 -9.47171
480 -9.47171
481 -9.29372
482 -9.48478
483 -9.48478
484 -9.48478
485 -9.40879
486 -9.47171
487 -9.4588
488 -9.37286
489 -9.23054
490 -9.40879
491 -9.38469
492 -9.42106
493 -9.37286
494 -9.22039
495 -9.40879
496 -9.43348
497 -9.42106
498 -9.28291
499 -9.28291
500 -9.37286
501 -9.22039
502 -9.38469
503 -9.36116
504 -9.38469
505 -9.36116
506 -9.33817
507 -9.3496
508 -9.33817
509 -9.3496
510 -9.33817
511 -9.3496
512 -9.21034
513 -9.30465
514 -9.32687
515 -9.2408
516 -9.33817
517 -9.32687
518 -9.27222
519 -9.20039
520 -8.9872
521 -9.23054
522 -9.29372
523 -9.29372
524 -9.09701
525 -9.15207
526 -8.99523
527 -9.22039
528 -9.28291
529 -9.26163
530 -9.13338
531 -9.18078
532 -9.03639
533 -9.25116
534 -9.14268
535 -9.20039
536 -9.23054
537 -9.13338
538 -9.17112
539 -9.17112
540 -9.17112
541 -9.22039
542 -9.09701
543 -8.9872
544 -9.08812
545 -9.19054
546 -9.16155
547 -9.19054
548 -9.09701
549 -9.03639
550 -8.75926
551 -9.15207
552 -9.18078
553 -9.13338
554 -8.89553
555 -9.04483
556 -9.16155
557 -9.16155
558 -8.91767
559 -9.09701
560 -8.90286
561 -9.14268
562 -9.13338
563 -8.93271
564 -9.06192
565 -9.01972
566 -9.08812
567 -9.12416
568 -9.05334
569 -8.9557
570 -9.03639
571 -9.04483
572 -9.10598
573 -8.80488
574 -8.88826
575 -8.9872
576 -9.01149
577 -9.09701
578 -8.9872
579 -8.9872
580 -8.96348
581 -8.97923
582 -9.03639
583 -8.92516
584 -9.01972
585 -9.01972
586 -9.04483
587 -9.01149
588 -8.74661
589 -8.8457
590 -9.01972
591 -8.97923
592 -8.97132
593 -8.87387
594 -8.96348
595 -8.9872
596 -9.00333
597 -8.94798
598 -8.70957
599 -8.91024
600 -8.8183
601 -8.99523
602 -8.97923
603 -8.97132
604 -8.87387
605 -8.97132
606 -8.92516
607 -8.81156
608 -8.88826
609 -8.92516
610 -8.9557
611 -8.86675
612 -8.8457
613 -8.86675
614 -8.85267
615 -8.88104
616 -8.8319
617 -8.93271
618 -8.90286
619 -8.80488
620 -8.58976
621 -8.85968
622 -8.88104
623 -8.72176
624 -8.8183
625 -8.87387
626 -8.8457
627 -8.83878
628 -8.86675
629 -8.83878
630 -8.8183
631 -8.79823
632 -8.60602
633 -8.82508
634 -8.87387
635 -8.81156
636 -8.78507
637 -8.8457
638 -8.8319
639 -8.74661
640 -8.63936
641 -8.8183
642 -8.83878
643 -8.57376
644 -8.72791
645 -8.76565
646 -8.8319
647 -8.62255
648 -8.8183
649 -8.79163
650 -8.80488
651 -8.66802
652 -8.70352
653 -8.81156
654 -8.75926
655 -8.72176
656 -8.66222
657 -8.77209
658 -8.76565
659 -8.5374
660 -8.72176
661 -8.74661
662 -8.75926
663 -8.52221
664 -8.66222
665 -8.73411
666 -8.72791
667 -8.71564
668 -8.70957
669 -8.72176
670 -8.68561
671 -8.66222
672 -8.71564
673 -8.69752
674 -8.74661
675 -8.70957
676 -8.67385
677 -8.68561
678 -8.66222
679 -8.63936
680 -8.66222
681 -8.67971
682 -8.65646
683 -8.41735
684 -8.65072
685 -8.64503
686 -8.65646
687 -8.44953
688 -8.64503
689 -8.58976
690 -8.66222
691 -8.5844
692 -8.57376
693 -8.5844
694 -8.60602
695 -8.60602
696 -8.56849
697 -8.62812
698 -8.5844
699 -8.55282
700 -8.55802
701 -8.33071
702 -8.52724
703 -8.62812
704 -8.33905
705 -8.55282
706 -8.56324
707 -8.12178
708 -8.56849
709 -8.57376
710 -8.54765
711 -8.5374
712 -8.61701
713 -8.53231
714 -8.5374
715 -8.52724
716 -8.51221
717 -8.47797
718 -8.47797
719 -8.5023
720 -8.54765
721 -8.4684
722 -8.51719
723 -8.51719
724 -8.52724
725 -8.4925
726 -8.5374
727 -8.51719
728 -8.51221
729 -8.49739
730 -8.51719
731 -8.48279
732 -8.5023
733 -8.50724
734 -8.41735
735 -8.52724
736 -8.48279
737 -8.46365
738 -8.47797
739 -8.47797
740 -8.46365
741 -8.45422
742 -8.4684
743 -8.44023
744 -8.46365
745 -8.36877
746 -8.27818
747 -8.49739
748 -8.45892
749 -8.48279
750 -8.44953
751 -8.36877
752 -8.42188
753 -8.44023
754 -8.43102
755 -8.42188
756 -8.42644
757 -8.44023
758 -8.19874
759 -8.46365
760 -8.41283
761 -8.39056
762 -8.41735
763 -8.39941
764 -8.19874
765 -8.40834
766 -8.39941
767 -8.34324
768 -8.39498
769 -8.33071
770 -8.38179
771 -8.36877
772 -8.36019
773 -8.19149
774 -8.43102
775 -8.32245
776 -8.32245
777 -8.31834
778 -8.27033
779 -8.35168
780 -8.30208
781 -8.29405
782 -8.34324
783 -8.35593
784 -8.35593
785 -8.38616
786 -8.33487
787 -8.23201
788 -8.21709
789 -8.33487
790 -8.32657
791 -8.29405
792 -8.37743
793 -8.31425
794 -8.32245
795 -8.31834
796 -8.31425
797 -8.31834
798 -8.31018
799 -8.29405
800 -8.08541
801 -8.30208
802 -8.29806
803 -8.24336
804 -8.29006
805 -8.29806
806 -8.28608
807 -8.28212
808 -8.31834
809 -8.27818
810 -8.28212
811 -8.27818
812 -8.27033
813 -8.27425
814 -8.27033
815 -8.26643
816 -8.26643
817 -8.21339
818 -8.26255
819 -8.31834
820 -8.25099
821 -8.25868
822 -8.24336
823 -8.24717
824 -7.79206
825 -8.24336
826 -8.22826
827 -8.21709
828 -8.20604
829 -8.20604
830 -8.06612
831 -8.17716
832 -8.21339
833 -8.14563
834 -8.21339
835 -8.21339
836 -8.19511
837 -8.20238
838 -8.09193
839 -8.20604
840 -8.14219
841 -8.20238
842 -8.05032
843 -8.02555
844 -8.01945
845 -8.18789
846 -8.11173
847 -8.0952
848 -8.05032
849 -8.14219
850 -8.14219
851 -8.10178
852 -8.04719
853 -8.14908
854 -8.13534
855 -8.1084
856 -8.11507
857 -8.14219
858 -8.12515
859 -8.12854
860 -8.12854
861 -8.11507
862 -8.0952
863 -8.0952
864 -8.11173
865 -8.11507
866 -8.05661
867 -8.06612
868 -8.05661
869 -8.10508
870 -8.08866
871 -8.10508
872 -8.0952
873 -8.05032
874 -8.05346
875 -8.0952
876 -8.05032
877 -8.06612
878 -8.08541
879 -8.0952
880 -8.06931
881 -8.07251
882 -8.07894
883 -8.04719
884 -8.04096
885 -8.1084
886 -8.08541
887 -8.09193
888 -7.93777
889 -8.09193
890 -8.13193
891 -8.08541
892 -8.03786
893 -8.04407
894 -8.00437
895 -8.03477
896 -8.01038
897 -8.02555
898 -8.06612
899 -8.01038
900 -7.88327
901 -8.07251
902 -8.06294
903 -8.05346
904 -8.02861
905 -8.05346
906 -8.0225
907 -7.99246
908 -8.0225
909 -8.01038
910 -7.99543
911 -8.01038
912 -8.01339
913 -8.00437
914 -8.00737
915 -8.01038
916 -7.98363
917 -7.99246
918 -7.99246
919 -8.03169
920 -7.97197
921 -7.97197
922 -7.97487
923 -7.98656
924 -7.98656
925 -7.99246
926 -7.99246
927 -7.9807
928 -7.96331
929 -7.88592
930 -7.9807
931 -7.96331
932 -7.95472
933 -8.00437
934 -7.96619
935 -7.94621
936 -7.96907
937 -7.99246
938 -7.97487
939 -7.94339
940 -7.98363
941 -7.9807
942 -7.94058
943 -7.92941
944 -7.97487
945 -7.97197
946 -7.94904
947 -7.96619
948 -7.96619
949 -7.96044
950 -7.99543
951 -7.95472
952 -7.9984
953 -7.94339
954 -7.94058
955 -7.94339
956 -7.95472
957 -7.91015
958 -7.93219
959 -7.94058
960 -7.9807
961 -7.93219
962 -7.93219
963 -7.92941
964 -7.96907
965 -7.80424
966 -7.92111
967 -7.92387
968 -7.92111
969 -7.91836
970 -7.89393
971 -7.88062
972 -7.8341
973 -7.91288
974 -7.95758
975 -7.90471
976 -7.90201
977 -7.89662
978 -7.85193
979 -7.74477
980 -7.90201
981 -7.89662
982 -7.87009
983 -7.86227
984 -7.81906
985 -7.93219
986 -7.88062
987 -7.87271
988 -7.87271
989 -7.83662
990 -7.88062
991 -7.86227
992 -7.85967
993 -7.8341
994 -7.87534
995 -7.87534
996 -7.82405
997 -7.85967
998 -7.86487
999 -7.85967
1000 -7.84936
