3 -12.7169
4 -13.8155
5 -13.8155
6 -13.8155
7 -13.8155
8 -13.8155
9 -13.1224
10 -13.8155
11 -13.1224
12 -13.8155
13 -13.8155
14 -13.8155
15 -13.8155
16 -12.4292
17 -13.1224
18 -13.1224
19 -13.1224
20 -13.1224
21 -13.1224
22 -13.1224
23 -13.8155
24 -13.8155
25 -13.1224
26 -13.1224
27 -13.1224
28 -13.1224
29 -13.1224
30 -13.1224
31 -13.1224
32 -13.1224
33 -13.1224
34 -13.1224
35 -13.1224
36 -13.1224
37 -12.7169
38 -12.4292
39 -12.7169
40 -12.7169
41 -12.7169
42 -12.4292
43 -12.7169
44 -12.4292
45 -12.4292
46 -12.4292
47 -12.7169
48 -12.4292
49 -12.4292
50 -12.4292
51 -12.4292
52 -12.4292
53 -12.4292
54 -12.2061
55 -12.2061
56 -12.2061
57 -12.2061
58 -12.2061
59 -12.0238
60 -12.0238
61 -12.2061
62 -12.0238
63 -12.0238
64 -12.0238
65 -11.8696
66 -11.8696
67 -11.7361
68 -11.8696
69 -11.8696
70 -11.8696
71 -11.7361
72 -11.6183
73 -11.7361
74 -11.7361
75 -11.7361
76 -11.6183
77 -11.5129
78 -11.6183
79 -11.5129
80 -11.5129
81 -11.5129
82 -11.5129
83 -11.4176
84 -11.4176
85 -11.3306
86 -11.3306
87 -11.4176
88 -11.3306
89 -11.3306
90 -11.3306
91 -11.2506
92 -11.2506
93 -11.2506
94 -11.1765
95 -11.1075
96 -11.1075
97 -11.1075
98 -11.1075
99 -11.0429
100 -11.0429
101 -11.0429
102 -11.0429
103 -10.9823
104 -10.9251
105 -10.9251
106 -10.9251
107 -10.8711
108 -10.8711
109 -10.8711
110 -10.8711
111 -10.8198
112 -10.8198
113 -10.771
114 -10.771
115 -10.7245
116 -10.771
117 -10.7245
118 -10.7245
119 -10.68
120 -10.7245
121 -10.68
122 -10.68
123 -10.6375
124 -10.5966
125 -10.5966
126 -10.5574
127 -10.5966
128 -10.5966
129 -10.5197
130 -10.4833
131 -10.4833
132 -10.4833
133 -10.4833
134 -10.4833
135 -10.4482
136 -10.3815
137 -10.4143
138 -10.3815
139 -10.3498
140 -10.3498
141 -10.3498
142 -10.3498
143 -10.319
144 -10.2892
145 -10.2892
146 -10.2892
147 -10.2602
148 -10.2046
149 -10.232
150 -10.232
151 -10.2046
152 -10.2046
153 -10.1779
154 -10.1779
155 -10.1519
156 -10.1266
157 -10.1266
158 -10.1266
159 -10.1019
160 -10.1019
161 -10.0778
162 -10.0778
163 -10.0543
164 -10.0543
165 -10.0313
166 -10.0313
167 -10.0088
168 -9.98687
169 -9.96536
170 -9.96536
171 -9.96536
172 -9.92369
173 -9.94431
174 -9.92369
175 -9.90349
176 -9.88368
177 -9.88368
178 -9.88368
179 -9.86427
180 -9.84522
181 -9.84522
182 -9.82653
183 -9.80818
184 -9.80818
185 -9.61082
186 -9.79016
187 -9.77246
188 -9.68838
189 -9.75507
190 -9.73797
191 -9.596
192 -9.70464
193 -9.70464
194 -9.68838
195 -9.68838
196 -9.67238
197 -9.67238
198 -9.64112
199 -9.64112
200 -9.62586
201 -9.61082
202 -9.61082
203 -9.596
204 -9.596
205 -9.4588
206 -9.55283
207 -9.44606
208 -9.40879
209 -9.53884
210 -9.51145
211 -9.51145
212 -9.49802
213 -9.48478
214 -9.4588
215 -9.36116
216 -9.33817
217 -9.44606
218 -9.36116
219 -9.43348
220 -9.43348
221 -9.30465
222 -9.40879
223 -9.39667
224 -9.39667
225 -9.36116
226 -9.38469
227 -9.2408
228 -9.23054
229 -9.22039
230 -9.16155
231 -9.23054
232 -9.17112
233 -9.14268
234 -9.17112
235 -9.15207
236 -9.16155
237 -9.14268
238 -9.10598
239 -9.11503
240 -9.09701
241 -9.08812
242 -9.11503
243 -9.08812
244 -9.03639
245 -9.08812
246 -9.07058
247 -9.06192
248 -9.02802
249 -9.04483
250 -9.01149
251 -9.02802
252 -9.07931
253 -9.12416
254 -9.00333
255 -8.99523
256 -8.94798
257 -8.97923
258 -9.01972
259 -8.9872
260 -8.9872
261 -8.90286
262 -8.90286
263 -8.99523
264 -8.97132
265 -8.96348
266 -9.03639
267 -8.91024
268 -8.8457
269 -8.91767
270 -8.93271
271 -8.87387
272 -8.9872
273 -8.9872
274 -8.9557
275 -8.8319
276 -8.88826
277 -8.88104
278 -8.91024
279 -8.92516
280 -8.88104
281 -8.85968
282 -8.91024
283 -8.79163
284 -8.85968
285 -8.90286
286 -8.8319
287 -8.76565
288 -8.73411
289 -8.82508
290 -8.85968
291 -8.83878
292 -8.83878
293 -8.83878
294 -8.83878
295 -8.82508
296 -8.8319
297 -8.81156
298 -8.63373
299 -8.79823
300 -8.79823
301 -8.73411
302 -8.63373
303 -8.62255
304 -8.69155
305 -8.59515
306 -8.60057
307 -8.68561
308 -8.66802
309 -8.73411
310 -8.72176
311 -8.72791
312 -8.72791
313 -8.71564
314 -8.70957
315 -8.70352
316 -8.65646
317 -8.67971
318 -8.63373
319 -8.6115
320 -8.47797
321 -8.65072
322 -8.60057
323 -8.61701
324 -8.57907
325 -8.6115
326 -8.56849
327 -8.5023
328 -8.59515
329 -8.61701
330 -8.57376
331 -8.60602
332 -8.57376
333 -8.51221
334 -8.43561
335 -8.5374
336 -8.47797
337 -8.4925
338 -8.52221
339 -8.38179
340 -8.38179
341 -8.38179
342 -8.4925
343 -8.52724
344 -8.50724
345 -8.51719
346 -8.48763
347 -8.37309
348 -8.43102
349 -8.48763
350 -8.46365
351 -8.35168
352 -8.41735
353 -8.39056
354 -8.39941
355 -8.40834
356 -8.44487
357 -8.44023
358 -8.41735
359 -8.42644
360 -8.41735
361 -8.38616
362 -8.26643
363 -8.33071
364 -8.24717
365 -8.34324
366 -8.33905
367 -8.30612
368 -8.37309
369 -8.36447
370 -8.26643
371 -8.27425
372 -8.36019
373 -8.24336
374 -8.1736
375 -8.17716
376 -8.26643
377 -8.1843
378 -8.31834
379 -8.31018
380 -8.30612
381 -8.12515
382 -8.14219
383 -8.22452
384 -8.24336
385 -8.14908
386 -8.24336
387 -8.17716
388 -8.13534
389 -8.27033
390 -8.23956
391 -8.25868
392 -8.25099
393 -8.22452
394 -8.16654
395 -8.12854
396 -8.21709
397 -8.06612
398 -8.13193
399 -7.9984
400 -7.98656
401 -8.01945
402 -8.07894
403 -7.99543
404 -7.95472
405 -8.00737
406 -7.98951
407 -7.96907
408 -8.10508
409 -8.0952
410 -7.9984
411 -8.05661
412 -8.08217
413 -8.08217
414 -8.05032
415 -8.11507
416 -8.11173
417 -8.12854
418 -8.11507
419 -8.11173
420 -8.05661
421 -8.09848
422 -8.06612
423 -8.04719
424 -8.05346
425 -8.08541
426 -8.08541
427 -8.07251
428 -8.07251
429 -8.03169
430 -7.99246
431 -8.00437
432 -8.02861
433 -8.02861
434 -8.02861
435 -8.03169
436 -8.02555
437 -8.03169
438 -7.99246
439 -7.97487
440 -7.96907
441 -7.96331
442 -7.83662
443 -7.96044
444 -7.96044
445 -7.88327
446 -7.98656
447 -7.91015
448 -7.92663
449 -7.92387
450 -7.90743
451 -7.94621
452 -7.91561
453 -7.93498
454 -7.92387
455 -7.90743
456 -7.91288
457 -7.88327
458 -7.90743
459 -7.85193
460 -7.87534
461 -7.89125
462 -7.86748
463 -7.87271
464 -7.81906
465 -7.8417
466 -7.8341
467 -7.85193
468 -7.8341
469 -7.87009
470 -7.8341
471 -7.66065
472 -7.69302
473 -7.51289
474 -7.83157
475 -7.85967
476 -7.85451
477 -7.80424
478 -7.8141
479 -7.8141
480 -7.79206
481 -7.78483
482 -7.82405
483 -7.82155
484 -7.8018
485 -7.76814
486 -7.78723
487 -7.76342
488 -7.75873
489 -7.70183
490 -7.74247
491 -7.7494
492 -7.76107
493 -7.72647
494 -7.74016
495 -7.74477
496 -7.7494
497 -7.75873
498 -7.70849
499 -7.67995
500 -7.69962
501 -7.64799
502 -7.69962
503 -7.69962
504 -7.73101
505 -7.71519
506 -7.69083
507 -7.70404
508 -7.68646
509 -7.71295
510 -7.69962
511 -7.68211
512 -7.65853
513 -7.6543
514 -7.66918
515 -7.67132
516 -7.66278
517 -7.67778
518 -7.64799
519 -7.60893
520 -7.53699
521 -7.62111
522 -7.65009
523 -7.6543
524 -7.60893
525 -7.6029
526 -7.54641
527 -7.5989
528 -7.62315
529 -7.61703
530 -7.55021
531 -7.5811
532 -7.54452
533 -7.59691
534 -7.5694
535 -7.56361
536 -7.57329
537 -7.52951
538 -7.53699
539 -7.55211
540 -7.52579
541 -7.55784
542 -7.50196
543 -7.51289
544 -7.5184
545 -7.55402
546 -7.54075
547 -7.54263
548 -7.49835
549 -7.50741
550 -7.37776
551 -7.52394
552 -7.53138
553 -7.49654
554 -7.42863
555 -7.49295
556 -7.49295
557 -7.51472
558 -7.42025
559 -7.44219
560 -7.34008
561 -7.48757
562 -7.47339
563 -7.39064
564 -7.46637
565 -7.44732
566 -7.46462
567 -7.46987
568 -7.39064
569 -7.40698
570 -7.42192
571 -7.4439
572 -7.45594
573 -7.41858
574 -7.38418
575 -7.38902
576 -7.42695
577 -7.44049
578 -7.37936
579 -7.38096
580 -7.40041
581 -7.42025
582 -7.40698
583 -7.38257
584 -7.39552
585 -7.39064
586 -7.38257
587 -7.38418
588 -7.27882
589 -7.31272
590 -7.37297
591 -7.3682
592 -7.35248
593 -7.35404
594 -7.10499
595 -7.35561
596 -7.35561
597 -7.32176
598 -7.31723
599 -7.32935
600 -7.32479
601 -7.33547
602 -7.33854
603 -7.32935
604 -7.31122
605 -7.31874
606 -7.32176
607 -7.31122
608 -7.30823
609 -7.28318
610 -7.27882
611 -7.27304
612 -7.28755
613 -7.29048
614 -7.26158
615 -7.28463
616 -7.2559
617 -7.28027
618 -7.27016
619 -7.26729
620 -7.1575
621 -7.24183
622 -7.26158
623 -7.12716
624 -7.20886
625 -7.25448
626 -7.25307
627 -7.24743
628 -7.23904
629 -7.24183
630 -7.22658
631 -7.22796
632 -7.12095
633 -7.19677
634 -7.22521
635 -7.22247
636 -7.21836
637 -7.2211
638 -7.21973
639 -7.19277
640 -7.09288
641 -7.18088
642 -7.20481
643 -7.11601
644 -7.19677
645 -7.1941
646 -7.17956
647 -7.11601
648 -7.18219
649 -7.16653
650 -7.17956
651 -7.15878
652 -7.15494
653 -7.16782
654 -7.15366
655 -7.1511
656 -7.1511
657 -7.14474
658 -7.1511
659 -7.01312
660 -7.14474
661 -7.12343
662 -7.14221
663 -7.02654
664 -7.11971
665 -7.12095
666 -7.1284
667 -7.11971
668 -7.12343
669 -7.11971
670 -7.11478
671 -7.10987
672 -7.10865
673 -7.10621
674 -7.10377
675 -7.07381
676 -7.09529
677 -7.08569
678 -7.09168
679 -7.04014
680 -7.07736
681 -7.08449
682 -7.07854
683 -6.94235
684 -7.07027
685 -7.06792
686 -7.07027
687 -6.95066
688 -7.05278
689 -7.05974
690 -7.05394
691 -7.05278
692 -7.04014
693 -6.958
694 -7.03559
695 -7.02879
696 -6.99331
697 -7.03786
698 -6.99768
699 -7.03105
700 -7.02092
701 -6.84103
702 -7.00647
703 -7.0198
704 -6.94131
705 -7.00758
706 -6.99877
707 -6.91377
708 -6.98572
709 -7.00097
710 -6.99877
711 -6.99659
712 -6.98464
713 -6.9868
714 -6.98572
715 -6.98464
716 -6.96538
717 -6.9601
718 -6.96857
719 -6.96644
720 -6.9601
721 -6.96751
722 -6.87142
723 -6.9559
724 -6.93925
725 -6.9559
726 -6.9559
727 -6.95066
728 -6.94858
729 -6.9465
730 -6.94442
731 -6.93821
732 -6.93615
733 -6.92796
734 -6.92592
735 -6.91781
736 -6.92287
737 -6.92287
738 -6.91983
739 -6.91882
740 -6.91579
741 -6.91277
742 -6.89583
743 -6.8978
744 -6.90376
745 -6.89287
746 -6.82341
747 -6.88795
748 -6.89583
749 -6.87529
750 -6.87723
751 -6.88599
752 -6.84666
753 -6.87335
754 -6.86853
755 -6.85327
756 -6.86374
757 -6.87142
758 -6.72794
759 -6.85421
760 -6.8647
761 -6.85801
762 -6.85516
763 -6.84478
764 -6.84572
765 -6.84384
766 -6.84197
767 -6.77848
768 -6.82802
769 -6.82894
770 -6.83265
771 -6.83079
772 -6.817
773 -6.78731
774 -6.81609
775 -6.81335
776 -6.817
777 -6.80701
778 -6.81335
779 -6.79621
780 -6.8016
781 -6.8034
782 -6.79532
783 -6.8016
784 -6.782
785 -6.78554
786 -6.76799
787 -6.75075
788 -6.70809
789 -6.78289
790 -6.78554
791 -6.77936
792 -6.77936
793 -6.77848
794 -6.76973
795 -6.77235
796 -6.75934
797 -6.76712
798 -6.70074
799 -6.75246
800 -6.62634
801 -6.75418
802 -6.74734
803 -6.75246
804 -6.73548
805 -6.74055
806 -6.74309
807 -6.74139
808 -6.71631
809 -6.73548
810 -6.72627
811 -6.72377
812 -6.7271
813 -6.71631
814 -6.71383
815 -6.72128
816 -6.67585
817 -6.71631
818 -6.69587
819 -6.70074
820 -6.69023
821 -6.70074
822 -6.69912
823 -6.69912
824 -6.63468
825 -6.69345
826 -6.69184
827 -6.68782
828 -6.67585
829 -6.68782
830 -6.56772
831 -6.67982
832 -6.66874
833 -6.66324
834 -6.66324
835 -6.66481
836 -6.65466
837 -6.66716
838 -6.58857
839 -6.65466
840 -6.65855
841 -6.65002
842 -6.54242
843 -6.64155
844 -6.53688
845 -6.64155
846 -6.6324
847 -6.63849
848 -6.63468
849 -6.63697
850 -6.63164
851 -6.6324
852 -6.59076
853 -6.62559
854 -6.60691
855 -6.62333
856 -6.51842
857 -6.61808
858 -6.57845
859 -6.60174
860 -6.59221
861 -6.60174
862 -6.60395
863 -6.60543
864 -6.59149
865 -6.59367
866 -6.57558
867 -6.58061
868 -6.58785
869 -6.58712
870 -6.57057
871 -6.58785
872 -6.57701
873 -6.57845
874 -6.54172
875 -6.57343
876 -6.57343
877 -6.57271
878 -6.53
879 -6.56914
880 -6.50764
881 -6.5663
882 -6.44151
883 -6.5445
884 -6.53206
885 -6.55499
886 -6.53
887 -6.5452
888 -6.42225
889 -6.54242
890 -6.52385
891 -6.53344
892 -6.52045
893 -6.53412
894 -6.40819
895 -6.52385
896 -6.51842
897 -6.51842
898 -6.50096
899 -6.52181
900 -6.41001
901 -6.51639
902 -6.49366
903 -6.51167
904 -6.50362
905 -6.50764
906 -6.4838
907 -6.49896
908 -6.4983
909 -6.50029
910 -6.48904
911 -6.4897
912 -6.48511
913 -6.49036
914 -6.46886
915 -6.47597
916 -6.4838
917 -6.48183
918 -6.47403
919 -6.47857
920 -6.47273
921 -6.47079
922 -6.46886
923 -6.46821
924 -6.44907
925 -6.46179
926 -6.46051
927 -6.45987
928 -6.45223
929 -6.45541
930 -6.44717
931 -6.44843
932 -6.44591
933 -6.44088
934 -6.43838
935 -6.44214
936 -6.44025
937 -6.43588
938 -6.4365
939 -6.43401
940 -6.43028
941 -6.42348
942 -6.42595
943 -6.42471
944 -6.41245
945 -6.41367
946 -6.41184
947 -6.41184
948 -6.41428
949 -6.41489
950 -6.40456
951 -6.40456
952 -6.40698
953 -6.39493
954 -6.40034
955 -6.40034
956 -6.39793
957 -6.39673
958 -6.38718
959 -6.39075
960 -6.38956
961 -6.38599
962 -6.38421
963 -6.38244
964 -6.37009
965 -6.36951
966 -6.37419
967 -6.37126
968 -6.37126
969 -6.36311
970 -6.34187
971 -6.36659
972 -6.35387
973 -6.36079
974 -6.35963
975 -6.36021
976 -6.34928
977 -6.35272
978 -6.33339
979 -6.31167
980 -6.34757
981 -6.33565
982 -6.34301
983 -6.33508
984 -6.33847
985 -6.33452
986 -6.33283
987 -6.33114
988 -6.32778
989 -6.33002
990 -6.32498
991 -6.32108
992 -6.31332
993 -6.32164
994 -6.31388
995 -6.31553
996 -6.31553
997 -6.31222
998 -6.31222
999 -6.30782
1000 -6.30837
