3 -35.5732
4 -34.8892
5 -35.0982
6 -35.9606
7 -35.5918
8 -34.78
9 -34.0869
10 -31.6679
11 -34.0417
12 -33.7903
13 -34.5814
14 -33.0813
15 -32.4838
16 -32.683
17 -33.4526
18 -33.0017
19 -32.1148
20 -34.3072
21 -33.0504
22 -32.4764
23 -33.1548
24 -31.3448
25 -33.5247
26 -32.9504
27 -32.9248
28 -31.9024
29 -32.1647
30 -31.7314
31 -32.8713
32 -32.4318
33 -32.178
34 -31.1655
35 -31.0704
36 -32.3578
37 -32.5635
38 -30.6248
39 -32.8507
40 -32.0413
41 -31.1528
42 -32.592
43 -31.392
44 -28.4636
45 -30.7188
46 -31.5437
47 -30.7795
48 -30.8933
49 -31.5358
50 -30.4672
51 -26.533
52 -30.5687
53 -30.1911
54 -31.7312
55 -31.4331
56 -31.1484
57 -30.6165
58 -28.8149
59 -30.3931
60 -30.8524
61 -31.8187
62 -31.9146
63 -31.2163
64 -31.0932
65 -30.3245
66 -30.5763
67 -25.2166
68 -30.4267
69 -29.9278
70 -30.8016
71 -30.9274
72 -30.9631
73 -31.0053
74 -26.2395
75 -31.1564
76 -28.778
77 -30.2752
78 -29.4601
79 -25.7973
80 -28.6771
81 -30.869
82 -30.8488
83 -29.4906
84 -30.4318
85 -30.8345
86 -30.0641
87 -29.5862
88 -29.9738
89 -28.9889
90 -30.7377
91 -30.0035
92 -30.0895
93 -30.7612
94 -29.7861
95 -31.263
96 -28.072
97 -28.8079
98 -28.1952
99 -29.593
100 -28.5267
101 -29.1152
102 -29.3809
103 -31.1128
104 -29.0108
105 -28.188
106 -29.2109
107 -28.0815
108 -29.3453
109 -29.4117
110 -29.1127
111 -29.8704
112 -28.0229
113 -30.6191
114 -30.2548
115 -27.3963
116 -30.5254
117 -28.7051
118 -29.4181
119 -27.9216
120 -28.6887
121 -30.0984
122 -30.3313
123 -29.0519
124 -29.482
125 -29.9679
126 -29.8019
127 -29.6905
128 -29.7893
129 -27.0362
130 -29.5276
131 -29.8847
132 -29.3568
133 -27.8403
134 -28.334
135 -28.6498
136 -29.9505
137 -29.0643
138 -29.8568
139 -29.1591
140 -30.5357
141 -29.1866
142 -29.3232
143 -28.1025
144 -29.791
145 -28.9662
146 -29.1868
147 -27.3294
148 -27.7716
149 -30.1996
150 -27.534
151 -28.8714
152 -29.1699
153 -29.5345
154 -28.173
155 -27.3071
156 -29.3761
157 -27.8762
158 -29.1244
159 -30.173
160 -29.2871
161 -29.1402
162 -28.7399
163 -28.1018
164 -29.2028
165 -28.582
166 -27.8128
167 -28.1386
168 -28.9761
169 -28.4563
170 -28.6441
171 -29.7365
172 -29.0378
173 -29.0881
174 -29.3697
175 -27.4142
176 -28.21
177 -28.527
178 -28.624
179 -28.4105
180 -29.9127
181 -27.8404
182 -28.3988
183 -29.1807
184 -29.4215
185 -27.5109
186 -28.2095
187 -29.2573
188 -28.5271
189 -29.4094
190 -28.9379
191 -28.6833
192 -29.1689
193 -26.2822
194 -29.2699
195 -27.9069
196 -27.4911
197 -28.8369
198 -27.9649
199 -29.0148
200 -29.1702
201 -29.2806
202 -28.7535
203 -27.2622
204 -28.0082
205 -28.7719
206 -28.3323
207 -28.2691
208 -27.2123
209 -28.0554
210 -27.07
211 -27.0282
212 -25.5517
213 -29.2917
214 -25.2834
215 -28.1627
216 -25.6917
217 -29.0007
218 -28.3929
219 -29.2187
220 -24.7486
221 -28.1133
222 -27.2911
223 -26.8935
224 -29.116
225 -28.5085
226 -28.5884
227 -27.8906
228 -28.2448
229 -25.695
230 -28.013
231 -27.5888
232 -27.9806
233 -28.6734
234 -29.4084
235 -27.1306
236 -27.9204
237 -29.4894
238 -27.5033
239 -27.6252
240 -29.2164
241 -27.9321
242 -29.3944
243 -26.8384
244 -28.0594
245 -26.8172
246 -27.5131
247 -28.1814
248 -28.2396
249 -26.9531
250 -27.6075
251 -28.1463
252 -28.632
253 -26.6783
254 -27.7018
255 -27.2891
256 -27.2652
257 -26.9724
258 -27.963
259 -24.2336
260 -26.7816
261 -27.8586
262 -27.439
263 -28.2179
264 -28.6822
265 -28.6526
266 -28.3905
267 -29.3134
268 -27.2427
269 -28.2593
270 -28.1158
271 -27.294
272 -28.0378
273 -26.8875
274 -26.3051
275 -28.3603
276 -28.2147
277 -27.7756
278 -26.4693
279 -27.3704
280 -27.3354
281 -28.3686
282 -28.5649
283 -26.7377
284 -28.0705
285 -27.8372
286 -27.6191
287 -26.332
288 -26.9531
289 -28.3382
290 -27.7631
291 -26.0322
292 -27.5626
293 -28.3825
294 -26.8321
295 -27.6014
296 -27.4295
297 -28.3193
298 -28.1834
299 -28.003
300 -26.3173
301 -27.1177
302 -24.6734
303 -26.4913
304 -28.6925
305 -27.4839
306 -27.5057
307 -26.6353
308 -28.7136
309 -24.4139
310 -27.8922
311 -26.1438
312 -27.5807
313 -27.2331
314 -27.9156
315 -28.7113
316 -27.9242
317 -28.3446
318 -27.4812
319 -27.8604
320 -26.688
321 -21.9307
322 -27.1892
323 -27.5296
324 -27.1563
325 -25.0656
326 -28.7463
327 -27.1693
328 -26.4564
329 -27.5765
330 -26.8247
331 -28.192
332 -26.2713
333 -27.6462
334 -27.9641
335 -27.4499
336 -26.3636
337 -27.5594
338 -27.5854
339 -27.2618
340 -27.4459
341 -27.6574
342 -26.9454
343 -27.3146
344 -26.0933
345 -27.8632
346 -27.8155
347 -27.0971
348 -27.1421
349 -26.3724
350 -26.5918
351 -25.2475
352 -27.5778
353 -26.5833
354 -27.6091
355 -27.2575
356 -26.9964
357 -25.444
358 -26.6922
359 -24.7069
360 -26.8004
361 -24.4611
362 -26.6128
363 -26.8633
364 -26.0222
365 -27.4175
366 -27.759
367 -27.0561
368 -27.5732
369 -27.381
370 -27.8678
371 -26.8427
372 -26.6945
373 -25.0821
374 -24.4981
375 -27.427
376 -26.3358
377 -27.015
378 -24.3979
379 -28.0613
380 -26.8328
381 -27.0282
382 -27.0008
383 -27.0418
384 -26.5127
385 -26.4612
386 -27.5061
387 -26.7415
388 -27.8536
389 -28.3513
390 -26.8499
391 -26.6832
392 -27.3853
393 -27.7853
394 -25.9511
395 -27.7391
396 -25.9494
397 -27.8795
398 -27.7997
399 -26.2873
400 -27.0003
401 -26.1114
402 -27.1342
403 -27.0267
404 -24.8442
405 -27.8349
406 -24.285
407 -26.4793
408 -26.999
409 -25.0222
410 -25.6534
411 -27.4908
412 -27.1643
413 -27.3703
414 -26.6939
415 -26.8301
416 -26.8512
417 -27.8273
418 -27.5586
419 -23.2516
420 -26.7739
421 -26.7119
422 -27.4578
423 -26.6008
424 -27.9162
425 -24.9675
426 -27.2447
427 -25.4781
428 -26.1044
429 -24.3601
430 -27.8173
431 -26.8121
432 -26.8881
433 -26.7615
434 -27.3556
435 -27.5038
436 -26.2099
437 -27.2156
438 -27.6361
439 -26.9724
440 -26.8907
441 -26.1119
442 -27.6964
443 -27.22
444 -27.617
445 -26.7087
446 -26.8954
447 -27.1724
448 -23.819
449 -26.6097
450 -27.5333
451 -24.6651
452 -26.0653
453 -25.9269
454 -25.3141
455 -26.7565
456 -26.1577
457 -26.1582
458 -25.9154
459 -27.3063
460 -27.2784
461 -26.0637
462 -27.1624
463 -27.0913
464 -27.4692
465 -27.0945
466 -25.843
467 -25.6805
468 -25.8727
469 -25.95
470 -27.1571
471 -27.431
472 -27.0702
473 -25.4347
474 -27.4611
475 -26.4054
476 -26.7424
477 -25.8702
478 -25.494
479 -27.1421
480 -27.1953
481 -27.2839
482 -26.8738
483 -27.6059
484 -26.9461
485 -27.0865
486 -25.8061
487 -25.5908
488 -26.754
489 -26.2674
490 -26.8077
491 -25.2586
492 -26.7275
493 -26.6243
494 -23.1573
495 -26.6338
496 -27.3205
497 -26.6207
498 -26.9203
499 -26.2028
500 -27.3127
501 -27.4635
502 -24.773
503 -26.797
504 -27.6515
505 -26.6799
506 -26.3713
507 -27.1343
508 -27.5651
509 -25.8474
510 -26.0691
511 -26.7514
512 -25.5652
513 -27.5393
514 -26.9034
515 -24.3441
516 -27.7026
517 -25.7908
518 -26.7391
519 -27.0919
520 -26.9609
521 -26.4224
522 -24.8952
523 -25.2159
524 -27.2215
525 -27.0678
526 -26.8091
527 -23.8176
528 -26.8561
529 -27.2772
530 -26.1881
531 -26.2494
532 -25.6233
533 -25.416
534 -23.819
535 -23.4017
536 -25.1642
537 -25.985
538 -24.0178
539 -26.516
540 -26.6311
541 -26.5515
542 -25.7484
543 -25.4336
544 -27.3537
545 -27.215
546 -26.8961
547 -26.729
548 -27.1148
549 -27.1682
550 -26.0408
551 -26.4831
552 -25.7582
553 -26.6474
554 -26.2013
555 -25.7593
556 -26.2001
557 -24.5343
558 -24.8005
559 -26.8159
560 -26.742
561 -24.1193
562 -24.2314
563 -25.3251
564 -23.6418
565 -24.0501
566 -27.2016
567 -25.1154
568 -21.9911
569 -25.445
570 -26.303
571 -24.6645
572 -25.1281
573 -26.8137
574 -26.099
575 -24.355
576 -25.1425
577 -25.8836
578 -25.7889
579 -27.0536
580 -26.9239
581 -26.5286
582 -25.4721
583 -25.8423
584 -26.2386
585 -25.9686
586 -26.0582
587 -27.0522
588 -26.4558
589 -26.2796
590 -25.0047
591 -26.4366
592 -25.457
593 -26.2253
594 -26.2734
595 -25.5432
596 -25.0771
597 -26.1835
598 -25.029
599 -24.132
600 -26.8503
601 -26.193
602 -26.0598
603 -25.9288
604 -25.5693
605 -23.8495
606 -26.3471
607 -26.6895
608 -26.1885
609 -26.6468
610 -26.7242
611 -26.1959
612 -26.0609
613 -25.7054
614 -27.2728
615 -26.9497
616 -25.8527
617 -26.8002
618 -26.7215
619 -25.1605
620 -26.7625
621 -27.1502
622 -21.862
623 -26.2102
624 -26.5318
625 -27.2339
626 -23.1911
627 -24.5
628 -24.9151
629 -24.9341
630 -25.7869
631 -27.0362
632 -25.2007
633 -24.4661
634 -21.3018
635 -26.4477
636 -22.9905
637 -25.4442
638 -26.9981
639 -25.059
640 -26.1065
641 -25.8771
642 -26.7349
643 -25.4379
644 -26.071
645 -25.1808
646 -25.1419
647 -26.4223
648 -26.987
649 -25.4604
650 -25.6917
651 -25.6534
652 -25.4368
653 -25.7157
654 -26.4587
655 -26.3579
656 -26.7739
657 -24.8669
658 -24.4642
659 -25.1279
660 -26.2191
661 -26.1434
662 -24.9428
663 -25.7232
664 -26.4556
665 -26.6747
666 -25.298
667 -26.0434
668 -25.6105
669 -25.0305
670 -25.196
671 -24.9831
672 -26.5259
673 -26.1127
674 -26.3622
675 -24.4477
676 -26.0195
677 -26.4437
678 -22.2032
679 -25.9974
680 -24.9054
681 -24.9115
682 -26.3021
683 -25.6633
684 -23.8496
685 -23.4769
686 -24.9218
687 -25.8593
688 -23.612
689 -24.6063
690 -24.8093
691 -25.1142
692 -26.7339
693 -25.106
694 -25.6384
695 -25.3808
696 -26.168
697 -23.6968
698 -26.5404
699 -26.2867
700 -23.9356
701 -26.8435
702 -25.2639
703 -26.3568
704 -26.2389
705 -24.8566
706 -26.4183
707 -25.7105
708 -26.4697
709 -25.2516
710 -24.9163
711 -25.3114
712 -24.8939
713 -25.1995
714 -26.5323
715 -26.005
716 -26.1563
717 -25.506
718 -23.738
719 -26.33
720 -25.934
721 -25.716
722 -26.5127
723 -24.1398
724 -25.4355
725 -25.9238
726 -24.983
727 -23.7251
728 -25.4711
729 -26.7395
730 -25.8541
731 -25.6189
732 -26.1198
733 -25.7117
734 -26.1449
735 -25.3451
736 -26.1325
737 -25.5381
738 -24.9144
739 -25.2902
740 -24.3819
741 -26.6004
742 -26.1856
743 -23.2705
744 -25.343
745 -25.1234
746 -25.1695
747 -25.719
748 -24.6084
749 -25.1173
750 -25.8764
751 -26.2578
752 -26.6643
753 -26.0003
754 -25.9248
755 -25.4606
756 -25.4166
757 -24.7428
758 -25.1956
759 -24.7694
760 -25.2943
761 -25.8439
762 -26.0577
763 -24.6334
764 -23.5408
765 -24.2742
766 -25.5831
767 -24.7953
768 -25.2016
769 -23.2574
770 -25.8894
771 -24.9983
772 -25.9354
773 -24.5642
774 -26.0709
775 -24.1849
776 -25.2428
777 -25.1925
778 -23.5539
779 -26.0803
780 -25.8163
781 -26.0219
782 -24.0912
783 -25.6443
784 -25.3182
785 -25.1938
786 -25.9985
787 -21.3651
788 -25.2027
789 -25.1436
790 -25.4875
791 -24.1729
792 -26.5244
793 -26.284
794 -25.0692
795 -24.098
796 -25.8314
797 -25.3051
798 -25.5291
799 -25.33
800 -26.1324
801 -26.2471
802 -24.4527
803 -25.4323
804 -25.3997
805 -24.1455
806 -26.3674
807 -26.2307
808 -25.3778
809 -25.1152
810 -25.1658
811 -25.039
812 -24.1814
813 -25.4153
814 -26.2953
815 -26.0903
816 -25.4916
817 -24.2358
818 -26.3227
819 -24.7752
820 -23.1587
821 -26.3186
822 -25.527
823 -25.3695
824 -23.9603
825 -25.0202
826 -25.3521
827 -25.3457
828 -26.6111
829 -26.1395
830 -25.2295
831 -24.9567
832 -25.5772
833 -24.7616
834 -25.39
835 -25.5993
836 -25.4386
837 -26.2223
838 -24.1073
839 -25.0491
840 -25.6985
841 -25.1738
842 -24.0981
843 -23.8071
844 -25.0328
845 -22.9323
846 -26.4238
847 -26.203
848 -22.2216
849 -24.0577
850 -23.1724
851 -25.1838
852 -26.2928
853 -25.1282
854 -25.2406
855 -23.7884
856 -24.9729
857 -25.7058
858 -25.3124
859 -25.4832
860 -25.9082
861 -24.9129
862 -23.8726
863 -24.8939
864 -24.0577
865 -25.0875
866 -26.7972
867 -24.7687
868 -24.7608
869 -25.3192
870 -25.9664
871 -24.399
872 -25.3974
873 -25.9221
874 -25.3428
875 -25.7226
876 -25.4119
877 -25.8881
878 -23.28
879 -26.4741
880 -22.7717
881 -25.8403
882 -24.146
883 -24.245
884 -25.598
885 -25.1908
886 -24.9007
887 -21.8826
888 -26.0321
889 -25.5142
890 -25.2184
891 -24.5029
892 -26.4244
893 -25.0127
894 -25.7948
895 -25.7231
896 -25.0937
897 -25.748
898 -24.9717
899 -23.6321
900 -25.7965
901 -24.1378
902 -24.4974
903 -24.0581
904 -24.4603
905 -25.7042
906 -23.8483
907 -25.3582
908 -22.1488
909 -23.4642
910 -24.9014
911 -24.9387
912 -24.6065
913 -24.7625
914 -25.3981
915 -25.5518
916 -25.4551
917 -25.4197
918 -23.1593
919 -24.2977
920 -24.3241
921 -25.7291
922 -24.3309
923 -24.0136
924 -24.0429
925 -23.6155
926 -24.6639
927 -24.5206
928 -23.8886
929 -25.6748
930 -24.2015
931 -24.4898
932 -24.6175
933 -25.3113
934 -26.0282
935 -26.3503
936 -25.2123
937 -23.3931
938 -24.2512
939 -24.9693
940 -25.0629
941 -25.0596
942 -25.2427
943 -25.4034
944 -22.6904
945 -24.9744
946 -24.337
947 -25.9358
948 -25.6439
949 -25.0663
950 -25.3502
951 -25.211
952 -24.107
953 -24.8124
954 -25.6298
955 -26.2737
956 -25.3634
957 -25.8891
958 -26.0294
959 -24.4186
960 -23.3066
961 -23.9424
962 -26.0183
963 -25.1244
964 -25.3522
965 -24.6116
966 -24.5239
967 -25.5718
968 -24.8467
969 -24.8764
970 -25.5246
971 -25.6115
972 -24.5143
973 -22.3484
974 -25.2883
975 -25.4942
976 -25.7748
977 -24.5431
978 -23.9915
979 -24.7885
980 -26.1398
981 -24.5425
982 -25.386
983 -25.1821
984 -22.9015
985 -25.1515
986 -24.0387
987 -25.8719
988 -24.0512
989 -24.2825
990 -25.2297
991 -25.3483
992 -25.8363
993 -24.9324
994 -25.1446
995 -25.58
996 -25.4566
997 -23.643
998 -25.5191
999 -25.2181
1000 -23.661
1001 -24.6726
1002 -25.3606
1003 -25.8002
1004 -26.002
1005 -24.556
1006 -25.5199
1007 -25.791
1008 -25.4057
1009 -23.8195
1010 -24.4175
1011 -24.4618
1012 -25.4989
1013 -24.0402
1014 -23.1022
1015 -25.499
1016 -23.8267
1017 -22.3793
1018 -23.4254
1019 -23.1602
1020 -24.2507
1021 -25.4598
1022 -23.9178
1023 -24.8247
1024 -25.1796
1025 -25.8086
1026 -25.2076
1027 -24.8584
1028 -25.349
1029 -24.8716
1030 -24.3693
1031 -25.442
1032 -25.0616
1033 -24.973
1034 -24.4689
1035 -23.5195
1036 -23.0168
1037 -22.9849
1038 -24.5871
1039 -24.5057
1040 -24.2738
1041 -23.6725
1042 -25.6487
1043 -25.361
1044 -24.8805
1045 -21.0953
1046 -24.8702
1047 -23.0727
1048 -23.4958
1049 -24.577
1050 -25.3384
1051 -25.6517
1052 -24.6325
1053 -21.5343
1054 -25.3664
1055 -25.0475
1056 -25.2171
1057 -24.4109
1058 -26.0396
1059 -25.1579
1060 -25.0442
1061 -24.5372
1062 -24.4598
1063 -20.8266
1064 -25.6386
1065 -24.2751
1066 -22.6958
1067 -24.988
1068 -25.0372
1069 -21.196
1070 -25.3378
1071 -24.7411
1072 -23.7438
1073 -23.9557
1074 -25.3908
1075 -25.2994
1076 -26.2333
1077 -25.2683
1078 -25.0175
1079 -25.3375
1080 -23.9659
1081 -23.4897
1082 -23.8936
1083 -25.3699
1084 -25.454
1085 -25.4052
1086 -24.3281
1087 -25.0369
1088 -24.8113
1089 -22.1169
1090 -23.9973
1091 -25.8535
1092 -24.7993
1093 -23.7003
1094 -25.0206
1095 -25.509
1096 -24.0914
1097 -23.5705
1098 -25.7003
1099 -25.0677
1100 -23.0792
1101 -24.6946
1102 -23.9736
1103 -23.3574
1104 -25.4275
1105 -24.0842
1106 -22.9789
1107 -24.2632
1108 -25.1258
1109 -22.89
1110 -25.0929
1111 -25.1056
1112 -23.0464
1113 -24.4967
1114 -25.246
1115 -25.8748
1116 -24.3989
1117 -25.3335
1118 -24.9565
1119 -25.3759
1120 -23.911
1121 -22.2624
1122 -25.3423
1123 -24.2203
1124 -23.6616
1125 -19.6522
1126 -25.2984
1127 -24.8145
1128 -25.712
1129 -24.5098
1130 -24.1688
1131 -23.9054
1132 -25.0569
1133 -24.0626
1134 -25.4638
1135 -24.1058
1136 -24.6099
1137 -24.1546
1138 -25.0911
1139 -25.2208
1140 -24.2548
1141 -25.0778
1142 -22.5351
1143 -24.4649
1144 -24.2493
1145 -25.0176
1146 -24.1458
1147 -25.1606
1148 -24.1882
1149 -23.3121
1150 -25.876
1151 -25.2976
1152 -21.7059
1153 -25.4937
1154 -23.866
1155 -23.7305
1156 -23.3447
1157 -24.9947
1158 -24.7988
1159 -24.9095
1160 -24.0728
1161 -16.8297
1162 -22.8107
1163 -24.9336
1164 -25.6197
1165 -24.9848
1166 -25.1616
1167 -23.9095
1168 -21.969
1169 -23.712
1170 -24.3877
1171 -25.7976
1172 -24.4792
1173 -25.0037
1174 -24.8516
1175 -20.6811
1176 -25.4596
1177 -24.8826
1178 -25.4542
1179 -24.0717
1180 -24.6579
1181 -23.2108
1182 -23.592
1183 -24.1816
1184 -25.0644
1185 -23.5368
1186 -25.1049
1187 -25.1042
1188 -24.5467
1189 -25.6446
1190 -23.5497
1191 -24.9626
1192 -24.5613
1193 -24.268
1194 -23.8294
1195 -24.1268
1196 -23.237
1197 -23.6424
1198 -25.3308
1199 -24.3044
1200 -23.9707
1201 -25.0151
1202 -25.0975
1203 -25.1516
1204 -25.0357
1205 -22.1404
1206 -24.0638
1207 -22.5327
1208 -24.0794
1209 -24.261
1210 -23.1614
1211 -25.1047
1212 -25.6182
1213 -25.196
1214 -24.8972
1215 -24.8321
1216 -25.0771
1217 -22.1199
1218 -24.943
1219 -24.2707
1220 -25.0485
1221 -24.3264
1222 -24.1681
1223 -24.2824
1224 -24.8927
1225 -24.9367
1226 -24.566
1227 -24.379
1228 -23.338
1229 -21.8224
1230 -25.0537
1231 -25.2314
1232 -20.4236
1233 -22.9187
1234 -23.7316
1235 -24.1867
1236 -23.4474
1237 -24.3324
1238 -24.8768
1239 -25.1492
1240 -24.2247
1241 -24.2631
1242 -24.7253
1243 -22.7948
1244 -24.9925
1245 -24.1132
1246 -24.1195
1247 -24.5269
1248 -23.9902
1249 -24.386
1250 -24.205
1251 -24.6297
1252 -25.0228
1253 -24.7283
1254 -23.9347
1255 -24.793
1256 -24.3299
1257 -22.9033
1258 -23.0298
1259 -25.2232
1260 -24.9466
1261 -23.9985
1262 -24.6651
1263 -24.8104
1264 -23.5347
1265 -24.0781
1266 -24.4799
1267 -23.212
1268 -24.9145
1269 -24.1631
1270 -25.0509
1271 -21.9645
1272 -24.6987
1273 -24.4299
1274 -22.6351
1275 -24.7171
1276 -23.6883
1277 -24.0636
1278 -25.3331
1279 -23.8046
1280 -24.9643
1281 -24.545
1282 -24.4575
1283 -22.5233
1284 -23.4284
1285 -25.1265
1286 -24.4869
1287 -24.7648
1288 -24.4201
1289 -23.3711
1290 -25.6492
1291 -21.2351
1292 -25.0186
1293 -24.3779
1294 -22.8813
1295 -24.6882
1296 -22.1678
1297 -22.5342
1298 -24.4004
1299 -20.586
1300 -23.6232
1301 -25.1082
1302 -25.1969
1303 -24.3147
1304 -24.8689
1305 -25.374
1306 -21.4663
1307 -24.3801
1308 -24.4988
1309 -25.1932
1310 -22.4521
1311 -23.977
1312 -23.8255
1313 -24.7946
1314 -25.1248
1315 -22.4234
1316 -23.8565
1317 -21.8303
1318 -24.0836
1319 -25.2418
1320 -24.5814
1321 -24.1033
1322 -23.7491
1323 -25.0469
1324 -23.8827
1325 -23.5339
1326 -24.0742
1327 -23.4244
1328 -23.1521
1329 -24.2228
1330 -24.638
1331 -24.8239
1332 -24.3363
1333 -24.4076
1334 -24.7316
1335 -23.0905
1336 -24.5113
1337 -24.2677
1338 -24.601
1339 -24.7958
1340 -22.7877
1341 -23.7924
1342 -23.7153
1343 -22.1302
1344 -24.4739
1345 -23.5764
1346 -24.8843
1347 -23.7794
1348 -24.0906
1349 -22.1103
1350 -22.8111
1351 -22.5648
1352 -25.3726
1353 -24.6426
1354 -21.5195
1355 -25.3091
1356 -23.655
1357 -22.4973
1358 -24.509
1359 -23.5876
1360 -23.8155
1361 -25.0951
1362 -24.8639
1363 -23.4491
1364 -22.7289
1365 -23.0357
1366 -23.1309
1367 -23.5687
1368 -22.6883
1369 -23.2287
1370 -24.9374
1371 -25.1945
1372 -24.9098
1373 -24.3336
1374 -24.8907
1375 -24.034
1376 -23.783
1377 -24.0966
1378 -23.0387
1379 -24.7165
1380 -22.5308
1381 -23.9324
1382 -23.4909
1383 -21.434
1384 -23.389
1385 -24.3471
1386 -24.6377
1387 -23.3003
1388 -24.2467
1389 -23.4948
1390 -23.9525
1391 -22.5284
1392 -24.5913
1393 -23.6598
1394 -23.2653
1395 -24.6859
1396 -23.6726
1397 -24.3752
1398 -22.8478
1399 -24.8871
1400 -24.5095
1401 -23.7395
1402 -22.222
1403 -24.186
1404 -24.734
1405 -24.6175
1406 -22.5618
1407 -24.3648
1408 -23.6595
1409 -24.0874
1410 -24.8218
1411 -24.4533
1412 -25.4394
1413 -24.9452
1414 -23.7256
1415 -24.1184
1416 -23.798
1417 -21.4985
1418 -23.85
1419 -24.51
1420 -23.2078
1421 -23.3849
1422 -22.4955
1423 -24.5105
1424 -24.8378
1425 -24.1108
1426 -24.2162
1427 -23.5605
1428 -21.084
1429 -23.1981
1430 -21.4216
1431 -24.1211
1432 -24.5209
1433 -23.8149
1434 -21.832
1435 -24.6609
1436 -23.9833
1437 -23.6721
1438 -25.177
1439 -22.4476
1440 -24.1499
1441 -24.3241
1442 -23.9134
1443 -24.1778
1444 -24.4114
1445 -24.7298
1446 -24.4851
1447 -24.5272
1448 -24.1011
1449 -21.7286
1450 -24.7504
1451 -23.2893
1452 -24.5195
1453 -23.8821
1454 -25.0153
1455 -25.2781
1456 -24.2542
1457 -23.6957
1458 -24.3964
1459 -23.9479
1460 -24.8663
1461 -23.822
1462 -24.5757
1463 -24.2286
1464 -23.816
1465 -22.8616
1466 -23.162
1467 -24.859
1468 -24.862
1469 -24.2479
1470 -23.8685
1471 -24.4258
1472 -24.4445
1473 -23.0268
1474 -23.7482
1475 -22.9531
1476 -24.655
1477 -24.6588
1478 -23.5424
1479 -23.6881
1480 -23.891
1481 -24.3197
1482 -22.8316
1483 -24.1367
1484 -24.423
1485 -24.3985
1486 -24.2807
1487 -23.7463
1488 -24.4086
1489 -24.6184
1490 -24.1686
1491 -24.0126
1492 -22.9731
1493 -24.2096
1494 -23.7115
1495 -24.8258
1496 -23.9045
1497 -24.6433
1498 -25.0236
1499 -24.6915
1500 -23.3824
1501 -23.5008
1502 -24.2089
1503 -22.2264
1504 -20.8324
1505 -23.9678
1506 -25.1169
1507 -24.5378
1508 -23.8985
1509 -24.603
1510 -21.6213
1511 -23.8213
1512 -24.3466
1513 -24.7045
1514 -23.1454
1515 -22.673
1516 -23.5603
1517 -24.2992
1518 -21.513
1519 -24.699
1520 -23.5556
1521 -22.0267
1522 -19.7082
1523 -21.5362
1524 -24.352
1525 -23.6249
1526 -24.4307
1527 -23.0737
1528 -24.5889
1529 -24.4862
1530 -23.6917
1531 -24.5127
1532 -22.3166
1533 -24.0022
1534 -22.8932
1535 -23.8279
1536 -22.3973
1537 -23.4853
1538 -24.5661
1539 -25.129
1540 -13.8497
1541 -24.3837
1542 -24.3048
1543 -22.9983
1544 -22.7158
1545 -22.5424
1546 -24.3931
1547 -25.1453
1548 -24.4489
1549 -23.0643
1550 -23.9136
1551 -24.0009
1552 -24.4474
1553 -22.3713
1554 -22.9914
1555 -24.1979
1556 -23.8767
1557 -23.7214
1558 -22.9959
1559 -23.9684
1560 -23.3003
1561 -24.1436
1562 -24.5491
1563 -23.4235
1564 -23.5335
1565 -21.754
1566 -22.8153
1567 -24.5263
1568 -23.913
1569 -24.8469
1570 -23.7327
1571 -21.2851
1572 -24.9716
1573 -23.3462
1574 -24.1444
1575 -23.9632
1576 -23.8532
1577 -24.4436
1578 -22.9223
1579 -23.8308
1580 -21.8318
1581 -24.2453
1582 -23.5392
1583 -24.5328
1584 -24.7551
1585 -24.2424
1586 -23.9643
1587 -24.3689
1588 -23.554
1589 -24.1186
1590 -23.9556
1591 -24.3782
1592 -23.7429
1593 -22.8928
1594 -21.9103
1595 -25.0434
1596 -23.0205
1597 -23.5483
1598 -24.731
1599 -24.4996
1600 -24.1285
1601 -24.3019
1602 -24.1181
1603 -24.1844
1604 -23.0086
1605 -24.5579
1606 -23.8163
1607 -23.1574
1608 -24.0063
1609 -19.3088
1610 -23.3444
1611 -24.028
1612 -24.7342
1613 -25.2604
1614 -22.413
1615 -25.0292
1616 -24.2787
1617 -22.9216
1618 -23.1932
1619 -23.6304
1620 -23.2266
1621 -21.7729
1622 -24.5531
1623 -17.9522
1624 -24.1757
1625 -24.8347
1626 -24.0653
1627 -24.2093
1628 -24.3742
1629 -24.7652
1630 -22.886
1631 -24.1501
1632 -23.6368
1633 -23.8853
1634 -23.5016
1635 -23.7387
1636 -24.353
1637 -24.6995
1638 -23.7641
1639 -24.3921
1640 -21.9074
1641 -24.5648
1642 -24.1847
1643 -23.2449
1644 -24.0607
1645 -24.0226
1646 -23.1653
1647 -23.0901
1648 -23.4786
1649 -22.0837
1650 -22.4456
1651 -24.0702
1652 -23.774
1653 -23.6513
1654 -25.0076
1655 -23.6571
1656 -25.0891
1657 -22.5777
1658 -23.8917
1659 -23.3839
1660 -22.0133
1661 -20.0284
1662 -23.1561
1663 -23.8589
1664 -24.334
1665 -23.9322
1666 -24.1183
1667 -23.5006
1668 -23.0332
1669 -22.2273
1670 -23.6869
1671 -24.0778
1672 -22.3261
1673 -24.875
1674 -23.403
1675 -23.9793
1676 -23.8986
1677 -23.1034
1678 -24.2257
1679 -24.2991
1680 -18.4057
1681 -23.1729
1682 -24.1696
1683 -23.8881
1684 -22.1235
1685 -23.8759
1686 -23.0927
1687 -22.9698
1688 -24.871
1689 -23.3598
1690 -22.847
1691 -22.791
1692 -23.6125
1693 -23.2504
1694 -24.4768
1695 -23.1206
1696 -22.733
1697 -21.7395
1698 -23.7369
1699 -23.6065
1700 -24.1765
1701 -24.4752
1702 -24.6009
1703 -24.6013
1704 -24.2027
1705 -22.8554
1706 -20.1496
1707 -24.1571
1708 -24.4834
1709 -23.0266
1710 -23.7283
1711 -21.6598
1712 -23.8543
1713 -23.1397
1714 -24.5923
1715 -23.0691
1716 -23.0159
1717 -22.9117
1718 -23.3164
1719 -23.0225
1720 -23.6479
1721 -23.1055
1722 -22.968
1723 -18.089
1724 -24.1944
1725 -23.1468
1726 -24.1045
1727 -22.1737
1728 -22.523
1729 -22.2991
1730 -23.1239
1731 -23.84
1732 -23.5652
1733 -21.7553
1734 -24.996
1735 -23.5425
1736 -24.4954
1737 -23.154
1738 -23.9877
1739 -22.7884
1740 -24.122
1741 -24.5854
1742 -24.0099
1743 -23.5218
1744 -23.2913
1745 -22.4433
1746 -22.8723
1747 -24.0808
1748 -22.3981
1749 -23.8866
1750 -24.5268
1751 -23.4218
1752 -22.6751
1753 -24.5483
1754 -21.911
1755 -24.1586
1756 -24.29
1757 -24.2528
1758 -18.6878
1759 -23.1369
1760 -23.7602
1761 -22.6965
1762 -24.784
1763 -24.8109
1764 -23.995
1765 -24.5386
1766 -23.8608
1767 -21.6964
1768 -23.5436
1769 -23.2733
1770 -23.8308
1771 -21.2278
1772 -22.9221
1773 -24.2772
1774 -23.1447
1775 -21.9589
1776 -23.4584
1777 -22.9046
1778 -24.1975
1779 -22.7068
1780 -23.692
1781 -23.8377
1782 -22.9515
1783 -23.8333
1784 -24.0523
1785 -23.8272
1786 -23.5089
1787 -23.2847
1788 -22.7145
1789 -24.2299
1790 -23.6823
1791 -23.0788
1792 -23.0132
1793 -24.1614
1794 -23.36
1795 -23.4291
1796 -24.2923
1797 -24.2677
1798 -21.9853
1799 -24.012
1800 -22.7387
1801 -23.9835
1802 -23.7651
1803 -23.8623
1804 -17.3119
1805 -22.5359
1806 -23.0797
1807 -23.1005
1808 -24.1518
1809 -23.8108
1810 -24.1522
1811 -23.3141
1812 -24.0716
1813 -23.0636
1814 -22.2779
1815 -24.3244
1816 -24.3725
1817 -23.4845
1818 -23.4683
1819 -22.0761
1820 -24.5231
1821 -23.3529
1822 -22.7806
1823 -24.2628
1824 -21.2875
1825 -22.6084
1826 -24.1748
1827 -24.0941
1828 -24.2341
1829 -22.85
1830 -23.2274
1831 -22.4104
1832 -24.4246
1833 -23.5727
1834 -22.4256
1835 -24.8132
1836 -23.1241
1837 -23.459
1838 -24.568
1839 -22.093
1840 -23.8179
1841 -20.1202
1842 -23.6113
1843 -23.9031
1844 -24.705
1845 -21.9222
1846 -23.2521
1847 -23.9892
1848 -24.2927
1849 -22.6276
1850 -22.8909
1851 -23.8508
1852 -24.1882
1853 -22.3431
1854 -22.8189
1855 -23.1496
1856 -23.8568
1857 -23.8414
1858 -23.9027
1859 -24.234
1860 -21.8074
1861 -21.3987
1862 -19.2031
1863 -24.234
1864 -24.1182
1865 -22.3345
1866 -22.7998
1867 -24.3743
1868 -23.6688
1869 -22.9787
1870 -24.1677
1871 -23.3044
1872 -23.1922
1873 -24.2154
1874 -23.4038
1875 -22.4198
1876 -23.6557
1877 -19.6439
1878 -23.7915
1879 -24.5492
1880 -21.1227
1881 -22.864
1882 -24.3183
1883 -24.4118
1884 -23.9836
1885 -17.9347
1886 -23.4337
1887 -23.175
1888 -21.0471
1889 -23.9795
1890 -23.0028
1891 -23.4939
1892 -23.6824
1893 -24.2884
1894 -20.9741
1895 -23.4759
1896 -23.1477
1897 -24.1366
1898 -23.9632
1899 -22.824
1900 -24.4303
1901 -22.7351
1902 -24.1086
1903 -21.3714
1904 -21.3292
1905 -23.4463
1906 -23.5271
1907 -23.8139
1908 -23.7043
1909 -23.0025
1910 -23.7396
1911 -24.3922
1912 -23.2585
1913 -22.6074
1914 -21.7268
1915 -22.9218
1916 -23.4945
1917 -23.1148
1918 -23.4455
1919 -23.9671
1920 -21.5532
1921 -23.5255
1922 -23.5952
1923 -24.2037
1924 -22.0601
1925 -19.9179
1926 -24.0304
1927 -19.1649
1928 -24.0624
1929 -24.3919
1930 -22.8021
1931 -22.0839
1932 -23.0394
1933 -24.5154
1934 -23.3864
1935 -23.1544
1936 -23.5825
1937 -22.9066
1938 -21.202
1939 -23.381
1940 -23.3646
1941 -24.1826
1942 -24.4689
1943 -22.8138
1944 -21.1548
1945 -22.8371
1946 -22.4063
1947 -23.3103
1948 -23.7639
1949 -22.8917
1950 -24.6456
1951 -23.2944
1952 -22.4419
1953 -23.3435
1954 -24.6165
1955 -23.1221
1956 -24.1912
1957 -21.3332
1958 -24.0641
1959 -22.8265
1960 -23.1204
1961 -24.064
1962 -21.3291
1963 -23.6237
1964 -22.7232
1965 -23.0598
1966 -23.2819
1967 -21.9413
1968 -22.6701
1969 -24.0566
1970 -22.9539
1971 -24.0784
1972 -24.1003
1973 -23.5517
1974 -22.425
1975 -24.1374
1976 -23.1406
1977 -23.445
1978 -21.9621
1979 -24.5902
1980 -23.9367
1981 -23.886
1982 -22.8665
1983 -21.3365
1984 -23.0629
1985 -24.7029
1986 -22.7279
1987 -22.2879
1988 -20.8253
1989 -20.9253
1990 -24.7968
1991 -21.1527
1992 -23.6875
1993 -22.0512
1994 -22.6261
1995 -23.3316
1996 -23.9443
1997 -23.3532
1998 -22.8824
1999 -24.5153
2000 -22.8043
2001 -23.4497
2002 -23.2524
2003 -22.8561
2004 -21.6121
2005 -23.4136
2006 -23.4777
2007 -23.1825
2008 -23.4869
2009 -22.8006
2010 -24.0265
2011 -24.0414
2012 -24.5013
2013 -23.0515
2014 -22.92
2015 -22.0974
2016 -24.197
2017 -23.9532
2018 -23.7615
2019 -24.2583
2020 -22.9622
2021 -23.8829
2022 -22.8632
2023 -23.8672
2024 -23.101
2025 -22.3384
2026 -21.675
2027 -23.0242
2028 -23.6456
2029 -22.6312
2030 -22.5142
2031 -22.1701
2032 -23.3857
2033 -23.3984
2034 -22.4809
2035 -24.2622
2036 -22.9985
2037 -22.3207
2038 -21.8416
2039 -23.3382
2040 -21.9918
2041 -20.9739
2042 -24.3581
2043 -22.9579
2044 -23.27
2045 -23.6641
2046 -22.729
2047 -23.3406
2048 -24.5864
2049 -21.0739
2050 -23.4068
2051 -23.1979
2052 -22.2354
2053 -23.9257
2054 -23.4901
2055 -24.4454
2056 -22.0265
2057 -22.1874
2058 -22.7644
2059 -23.1654
2060 -21.8011
2061 -23.2897
2062 -22.8565
2063 -23.4191
2064 -23.6386
2065 -23.0572
2066 -21.4315
2067 -21.4035
2068 -19.6531
2069 -22.2433
2070 -23.8905
2071 -23.7887
2072 -22.8145
2073 -23.5
2074 -24.0777
2075 -23.125
2076 -23.794
2077 -21.8228
2078 -23.5939
2079 -23.0712
2080 -24.1808
2081 -23.0823
2082 -24.121
2083 -21.6501
2084 -23.7353
2085 -23.4089
2086 -24.2921
2087 -22.482
2088 -22.9384
2089 -21.8611
2090 -22.3372
2091 -22.5884
2092 -23.4594
2093 -23.2772
2094 -20.3651
2095 -23.6063
2096 -24.1507
2097 -23.3254
2098 -23.844
2099 -23.1365
2100 -23.7501
2101 -23.1531
2102 -24.0968
2103 -23.2516
2104 -22.3702
2105 -23.2678
2106 -23.7927
2107 -22.8795
2108 -24.0702
2109 -21.8809
2110 -23.9665
2111 -22.9046
2112 -22.0821
2113 -23.9742
2114 -22.8761
2115 -23.0756
2116 -24.5222
2117 -22.95
2118 -23.4663
2119 -21.3511
2120 -23.1493
2121 -20.9055
2122 -23.4358
2123 -21.8154
2124 -22.2724
2125 -22.691
2126 -23.2562
2127 -20.6101
2128 -22.9617
2129 -22.9378
2130 -24.2312
2131 -23.5942
2132 -22.711
2133 -22.1916
2134 -23.6417
2135 -24.09
2136 -21.9426
2137 -21.7691
2138 -22.0652
2139 -23.1936
2140 -22.3187
2141 -24.0214
2142 -23.7822
2143 -22.2209
2144 -22.4186
2145 -21.9644
2146 -21.3968
2147 -22.9205
2148 -23.8748
2149 -23.349
2150 -24.16
2151 -22.4948
2152 -23.5954
2153 -21.2488
2154 -23.1021
2155 -22.1124
2156 -22.7251
2157 -23.0258
2158 -23.2662
2159 -22.9834
2160 -23.2944
2161 -22.7172
2162 -24.1081
2163 -22.7542
2164 -23.7053
2165 -22.0865
2166 -23.3616
2167 -22.0751
2168 -21.2056
2169 -17.4943
2170 -23.5797
2171 -23.6664
2172 -23.8579
2173 -23.4386
2174 -22.9839
2175 -23.3778
2176 -22.915
2177 -22.7694
2178 -23.5555
2179 -23.0956
2180 -23.9353
2181 -23.3689
2182 -22.1806
2183 -22.5531
2184 -23.9008
2185 -22.8742
2186 -24.0499
2187 -22.2736
2188 -23.044
2189 -20.7723
2190 -22.2065
2191 -23.7732
2192 -23.3478
2193 -21.2596
2194 -23.11
2195 -23.7475
2196 -23.349
2197 -20.9624
2198 -22.4304
2199 -22.3364
2200 -23.5254
2201 -23.4373
2202 -23.7557
2203 -23.2103
2204 -24.2908
2205 -23.4767
2206 -20.8628
2207 -22.8901
2208 -22.5358
2209 -22.1424
2210 -23.4157
2211 -22.7589
2212 -23.2738
2213 -22.9233
2214 -22.2979
2215 -23.344
2216 -23.7373
2217 -21.9509
2218 -22.2122
2219 -23.1962
2220 -23.902
2221 -23.0483
2222 -22.8625
2223 -23.1808
2224 -23.0055
2225 -22.6904
2226 -23.3309
2227 -23.3381
2228 -23.084
2229 -23.4434
2230 -23.5618
2231 -22.0224
2232 -22.5427
2233 -22.618
2234 -23.1307
2235 -22.5498
2236 -21.8882
2237 -22.8595
2238 -23.3645
2239 -21.9646
2240 -19.0096
2241 -22.4623
2242 -23.7713
2243 -22.5411
2244 -21.1733
2245 -23.1954
2246 -22.4913
2247 -21.5931
2248 -23.7188
2249 -23.0156
2250 -22.2904
2251 -23.32
2252 -21.4036
2253 -21.5797
2254 -23.8227
2255 -22.5243
2256 -24.3619
2257 -21.1471
2258 -22.7622
2259 -22.571
2260 -23.0036
2261 -23.8193
2262 -23.4472
2263 -22.3665
2264 -23.6571
2265 -23.3444
2266 -22.3105
2267 -23.1057
2268 -23.6426
2269 -22.038
2270 -22.0378
2271 -23.2
2272 -23.38
2273 -23.8592
2274 -23.1246
2275 -23.3505
2276 -23.9726
2277 -22.9998
2278 -20.0131
2279 -21.6318
2280 -23.5321
2281 -22.4245
2282 -22.6074
2283 -22.1164
2284 -22.8276
2285 -19.8079
2286 -23.4753
2287 -23.5437
2288 -22.8875
2289 -22.5975
2290 -22.9608
2291 -22.7073
2292 -22.6451
2293 -23.678
2294 -22.2148
2295 -22.5617
2296 -23.516
2297 -22.6264
2298 -23.6456
2299 -22.9748
2300 -24.09
2301 -23.6691
2302 -23.3383
2303 -23.7004
2304 -22.8475
2305 -23.7689
2306 -22.2222
2307 -23.6156
2308 -23.1307
2309 -21.8398
2310 -22.0739
2311 -22.0236
2312 -22.8752
2313 -22.8671
2314 -21.3104
2315 -23.1596
2316 -17.2466
2317 -23.6906
2318 -21.6961
2319 -23.2891
2320 -22.5275
2321 -23.4764
2322 -22.583
2323 -22.3631
2324 -23.9847
2325 -22.5734
2326 -22.9549
2327 -21.2271
2328 -22.5076
2329 -20.3316
2330 -24.0554
2331 -23.7466
2332 -23.7214
2333 -23.2933
2334 -23.8474
2335 -20.939
2336 -24.049
2337 -22.9982
2338 -23.1212
2339 -22.6824
2340 -22.3956
2341 -22.1533
2342 -22.147
2343 -23.0306
2344 -20.6786
2345 -22.9635
2346 -23.2081
2347 -23.9656
2348 -21.4021
2349 -22.1691
2350 -21.5406
2351 -23.8655
2352 -21.9988
2353 -23.1836
2354 -22.5331
2355 -22.5214
2356 -22.4438
2357 -23.4598
2358 -22.3558
2359 -21.5289
2360 -23.9196
2361 -22.2189
2362 -22.0057
2363 -23.0867
2364 -22.9732
2365 -22.9346
2366 -23.8647
2367 -23.693
2368 -23.5615
2369 -23.1959
2370 -22.8606
2371 -22.4832
2372 -20.9669
2373 -23.7102
2374 -23.5019
2375 -23.4162
2376 -22.014
2377 -23.7823
2378 -23.899
2379 -20.8358
2380 -21.455
2381 -23.812
2382 -22.0784
2383 -22.0394
2384 -22.3041
2385 -21.7088
2386 -22.2513
2387 -23.4754
2388 -23.8711
2389 -23.1297
2390 -22.2015
2391 -20.08
2392 -23.4879
2393 -20.7664
2394 -21.9799
2395 -22.9868
2396 -23.3466
2397 -23.8587
2398 -22.7587
2399 -22.6497
2400 -22.2363
2401 -23.5372
2402 -22.0995
2403 -21.7138
2404 -22.0727
2405 -22.8119
2406 -23.1914
2407 -23.0699
2408 -22.8634
2409 -23.2551
2410 -22.8974
2411 -23.41
2412 -22.7927
2413 -21.61
2414 -23.7852
2415 -23.1387
2416 -23.7201
2417 -23.9195
2418 -22.6085
2419 -24.1165
2420 -23.5076
2421 -22.4992
2422 -21.3196
2423 -20.522
2424 -22.6967
2425 -23.3263
2426 -23.2806
2427 -23.7586
2428 -22.0519
2429 -23.1232
2430 -23.0279
2431 -23.4033
2432 -23.4879
2433 -20.2652
2434 -19.9286
2435 -22.3848
2436 -19.6268
2437 -22.3797
2438 -23.2611
2439 -22.6115
2440 -23.0675
2441 -23.3706
2442 -23.5014
2443 -21.3341
2444 -23.5499
2445 -23.6012
2446 -20.9764
2447 -23.1699
2448 -21.3919
2449 -23.9083
2450 -23.9694
2451 -23.9549
2452 -23.1118
2453 -23.4222
2454 -22.5317
2455 -23.5439
2456 -23.5512
2457 -22.7994
2458 -19.504
2459 -21.6573
2460 -23.624
2461 -21.9816
2462 -19.3528
2463 -23.4261
2464 -21.6679
2465 -22.4627
2466 -23.1657
2467 -23.5409
2468 -22.8799
2469 -22.4088
2470 -22.5238
2471 -22.6993
2472 -23.2862
2473 -22.5615
2474 -22.2808
2475 -22.2811
2476 -22.9381
2477 -22.816
2478 -23.6588
2479 -23.8112
2480 -22.5319
2481 -23.6229
2482 -22.7556
2483 -23.7718
2484 -23.3579
2485 -23.7019
2486 -23.7848
2487 -23.3007
2488 -23.3569
2489 -22.1924
2490 -22.0815
2491 -21.5664
2492 -23.4437
2493 -21.4095
2494 -23.955
2495 -23.111
2496 -21.2483
2497 -22.5551
2498 -23.5167
2499 -21.037
2500 -23.5549
2501 -22.2492
2502 -21.1818
2503 -22.1892
2504 -23.3845
2505 -23.188
2506 -21.7386
2507 -23.667
2508 -23.4329
2509 -21.3776
2510 -23.5848
2511 -23.1281
2512 -23.0476
2513 -23.0631
2514 -23.6467
2515 -22.7087
2516 -22.0469
2517 -23.4184
2518 -23.235
2519 -23.3165
2520 -22.3398
2521 -22.0527
2522 -23.4241
2523 -22.8275
2524 -22.0378
2525 -22.4185
2526 -22.436
2527 -23.4072
2528 -22.2987
2529 -21.9712
2530 -21.9931
2531 -23.1942
2532 -23.0516
2533 -22.8996
2534 -21.8336
2535 -23.5278
2536 -21.5918
2537 -23.6892
2538 -21.6434
2539 -22.2887
2540 -22.1579
2541 -22.9652
2542 -23.7495
2543 -21.5211
2544 -23.9974
2545 -22.7158
2546 -21.4871
2547 -23.3699
2548 -21.9227
2549 -21.2047
2550 -22.5003
2551 -23.3629
2552 -22.0786
2553 -22.8494
2554 -23.1555
2555 -22.6147
2556 -22.2364
2557 -22.7094
2558 -22.9452
2559 -22.9852
2560 -23.2022
2561 -20.7504
2562 -23
2563 -23.986
2564 -21.7515
2565 -22.2415
2566 -21.4922
2567 -23.4582
2568 -22.5167
2569 -23.1171
2570 -22.4362
2571 -22.2872
2572 -16.4913
2573 -22.5103
2574 -23.3515
2575 -23.0675
2576 -22.4726
2577 -23.3225
2578 -23.4218
2579 -22.7165
2580 -21.1565
2581 -23.3744
2582 -22.1938
2583 -23.3021
2584 -21.4869
2585 -22.2146
2586 -23.141
2587 -22.1584
2588 -22.9185
2589 -21.9634
2590 -21.4375
2591 -23.7768
2592 -21.2904
2593 -21.7843
2594 -23.4126
2595 -23.2796
2596 -23.0074
2597 -21.3485
2598 -21.688
2599 -20.7104
2600 -21.8073
2601 -22.991
2602 -23.4084
2603 -22.9359
2604 -23.3501
2605 -23.8884
2606 -22.5366
2607 -23.3978
2608 -21.9232
2609 -23.1466
2610 -22.262
2611 -22.8418
2612 -21.8849
2613 -21.7393
2614 -23.1752
2615 -22.5124
2616 -21.8128
2617 -21.2112
2618 -21.243
2619 -23.1177
2620 -20.0326
2621 -23.1608
2622 -22.5551
2623 -21.5115
2624 -23.2909
2625 -21.7446
2626 -22.3058
2627 -23.0321
2628 -21.5998
2629 -22.8503
2630 -22.4624
2631 -22.7182
2632 -22.2167
2633 -22.3663
2634 -22.2632
2635 -22.313
2636 -23.1762
2637 -19.1109
2638 -21.294
2639 -22.4214
2640 -23.3882
2641 -23.3736
2642 -21.9754
2643 -22.1294
2644 -22.6041
2645 -23.4934
2646 -23.409
2647 -23.461
2648 -22.7234
2649 -23.03
2650 -23.8506
2651 -22.8649
2652 -21.9009
2653 -23.0985
2654 -23.8223
2655 -22.9711
2656 -22.7284
2657 -22.4234
2658 -23.5315
2659 -20.1931
2660 -20.1034
2661 -21.7935
2662 -21.4136
2663 -22.0492
2664 -22.4312
2665 -21.0109
2666 -23.1146
2667 -22.8188
2668 -22.5472
2669 -23.1467
2670 -22.6503
2671 -23.3918
2672 -22.69
2673 -21.1836
2674 -18.156
2675 -23.0544
2676 -23.3769
2677 -23.4936
2678 -22.7326
2679 -21.5845
2680 -23.1636
2681 -19.3443
2682 -22.7634
2683 -23.0338
2684 -21.6697
2685 -20.6978
2686 -20.0431
2687 -23.1381
2688 -22.8935
2689 -23.3951
2690 -22.4431
2691 -22.6995
2692 -22.2556
2693 -21.6969
2694 -23.106
2695 -23.0045
2696 -20.4282
2697 -23.1741
2698 -22.1867
2699 -22.4848
2700 -22.9894
2701 -22.5362
2702 -20.6726
2703 -22.3829
2704 -23.3016
2705 -22.0927
2706 -22.538
2707 -23.2825
2708 -21.9681
2709 -22.4341
2710 -21.9534
2711 -21.8048
2712 -23.2036
2713 -22.1566
2714 -23.4358
2715 -22.5982
2716 -22.9519
2717 -22.8369
2718 -20.0925
2719 -23.2992
2720 -22.42
2721 -22.7756
2722 -22.9085
2723 -20.3339
2724 -20.2648
2725 -20.5284
2726 -23.8123
2727 -22.3108
2728 -23.0289
2729 -20.8026
2730 -21.3254
2731 -20.7608
2732 -22.6447
2733 -22.2556
2734 -22.5526
2735 -22.1119
2736 -20.9381
2737 -22.2206
2738 -21.6272
2739 -19.8411
2740 -21.1898
2741 -22.4664
2742 -23.3324
2743 -23.0103
2744 -22.6359
2745 -22.9298
2746 -22.4209
2747 -23.2
2748 -22.1191
2749 -22.5591
2750 -22.6594
2751 -23.2623
2752 -22.466
2753 -21.6279
2754 -23.4659
2755 -22.509
2756 -21.9932
2757 -22.0395
2758 -23.6799
2759 -23.3939
2760 -21.8986
2761 -22.7864
2762 -22.4404
2763 -22.3114
2764 -23.2247
2765 -22.553
2766 -23.4062
2767 -23.4368
2768 -22.8449
2769 -22.5396
2770 -23.4448
2771 -22.4689
2772 -19.8147
2773 -22.3148
2774 -23.4709
2775 -22.1673
2776 -20.5312
2777 -22.8068
2778 -22.749
2779 -21.3524
2780 -22.7853
2781 -23.1815
2782 -23.3176
2783 -21.3432
2784 -22.5491
2785 -23.4527
2786 -21.6503
2787 -22.9882
2788 -22.1934
2789 -21.2465
2790 -21.744
2791 -22.744
2792 -21.9849
2793 -22.8457
2794 -21.1265
2795 -22.9879
2796 -22.0733
2797 -22.2464
2798 -22.3439
2799 -20.7709
2800 -22.542
2801 -20.035
2802 -22.7769
2803 -22.7708
2804 -23.2513
2805 -21.6089
2806 -19.4429
2807 -23.0173
2808 -23.2756
2809 -20.9913
2810 -21.1272
2811 -23.6142
2812 -22.3745
2813 -22.9395
2814 -21.2322
2815 -23.049
2816 -22.4955
2817 -21.6144
2818 -19.2504
2819 -19.3463
2820 -23.5502
2821 -23.9396
2822 -23.1261
2823 -23.0846
2824 -22.9961
2825 -21.7854
2826 -21.8577
2827 -21.52
2828 -22.9626
2829 -23.9051
2830 -22.5945
2831 -22.5766
2832 -22.3694
2833 -22.552
2834 -23.028
2835 -21.571
2836 -21.4076
2837 -22.5922
2838 -22.5429
2839 -23.1956
2840 -23.3155
2841 -22.0181
2842 -22.4752
2843 -22.8515
2844 -22.6161
2845 -22.7915
2846 -19.4214
2847 -23.5598
2848 -22.1121
2849 -21.1475
2850 -19.7764
2851 -24.0565
2852 -21.5801
2853 -21.0557
2854 -23.0896
2855 -22.6725
2856 -22.7299
2857 -23.0218
2858 -22.6754
2859 -22.9517
2860 -22.0228
2861 -19.6986
2862 -22.1199
2863 -23.3487
2864 -22.1459
2865 -22.7265
2866 -23.4097
2867 -20.4919
2868 -22.4357
2869 -23.5814
2870 -23.2365
2871 -20.5888
2872 -23.2955
2873 -22.6563
2874 -20.7008
2875 -22.6367
2876 -22.8817
2877 -20.0244
2878 -22.121
2879 -19.451
2880 -23.0163
2881 -22.4576
2882 -22.7062
2883 -22.6175
2884 -21.8685
2885 -21.0967
2886 -22.1526
2887 -23.4001
2888 -16.3416
2889 -21.5371
2890 -23.44
2891 -23.3325
2892 -22.5804
2893 -23.344
2894 -23.5515
2895 -22.4368
2896 -21.2748
2897 -21.8413
2898 -22.5987
2899 -23.4481
2900 -22.6795
2901 -21.8645
2902 -22.1547
2903 -22.4363
2904 -23.6667
2905 -21.5742
2906 -22.9297
2907 -22.5804
2908 -23.1169
2909 -23.585
2910 -22.5923
2911 -21.4705
2912 -23.6323
2913 -22.5393
2914 -21.5761
2915 -21.031
2916 -23.2984
2917 -23.3017
2918 -22.5998
2919 -22.0487
2920 -22.1324
2921 -22.7735
2922 -23.5737
2923 -21.9234
2924 -21.6982
2925 -22.4656
2926 -23.3521
2927 -23.0789
2928 -22.888
2929 -23.2087
2930 -21.4972
2931 -21.2269
2932 -21.7804
2933 -21.7002
2934 -22.197
2935 -22.4643
2936 -21.1517
2937 -22.7242
2938 -21.6288
2939 -21.156
2940 -22.065
2941 -23.2497
2942 -23.0263
2943 -22.2695
2944 -23.2672
2945 -22.8011
2946 -22.541
2947 -22.326
2948 -22.4403
2949 -22.2006
2950 -20.8893
2951 -21.7202
2952 -22.8612
2953 -22.6213
2954 -23.273
2955 -23.3748
2956 -23.748
2957 -22.4804
2958 -22.8516
2959 -22.636
2960 -19.6841
2961 -23.4907
2962 -21.9551
2963 -23.1135
2964 -22.5434
2965 -20.4341
2966 -20.3684
2967 -19.9591
2968 -21.1572
2969 -23.2952
2970 -23.4258
2971 -23.1692
2972 -22.8329
2973 -20.4811
2974 -19.0427
2975 -23.533
2976 -23.0832
2977 -21.3408
2978 -21.5055
2979 -22.7977
2980 -21.1446
2981 -22.6366
2982 -22.6418
2983 -22.4824
2984 -22.4605
2985 -19.6021
2986 -22.8358
2987 -22.7904
2988 -20.0733
2989 -21.6925
2990 -23.111
2991 -22.3822
2992 -20.4387
2993 -22.3857
2994 -22.5734
2995 -22.081
2996 -22.0687
2997 -22.9474
2998 -22.7531
2999 -23.3132
