3 -36.3902
4 -35.2251
5 -33.9872
6 -35.3745
7 -31.8985
8 -33.3234
9 -33.8886
10 -30.6458
11 -33.3078
12 -29.9865
13 -28.6368
14 -29.624
15 -33.1653
16 -31.7756
17 -30.0541
18 -29.4096
19 -31.0302
20 -31.4697
21 -31.5432
22 -29.8341
23 -29.9825
24 -27.8371
25 -31.6046
26 -27.9261
27 -29.3371
28 -27.6304
29 -29.2708
30 -30.6371
31 -27.2742
32 -28.3851
33 -28.2916
34 -29.0528
35 -30.0635
36 -28.9219
37 -28.6499
38 -27.295
39 -27.2939
40 -29.2824
41 -28.8297
42 -29.4454
43 -27.4141
44 -25.4291
45 -29.6192
46 -26.6998
47 -26.7876
48 -28.1789
49 -29.0871
50 -28.9966
51 -29.2791
52 -25.9528
53 -28.0219
54 -28.0232
55 -26.2164
56 -28.9041
57 -27.3624
58 -29.0737
59 -22.2581
60 -26.7921
61 -28.9306
62 -26.6612
63 -28.283
64 -25.942
65 -24.298
66 -24.9139
67 -26.5385
68 -28.404
69 -24.3846
70 -28.2263
71 -26.2962
72 -26.7253
73 -23.1064
74 -27.9444
75 -24.7265
76 -27.7203
77 -26.2451
78 -27.5805
79 -27.6813
80 -25.498
81 -26.199
82 -26.3755
83 -24.6513
84 -26.0865
85 -24.1703
86 -23.7605
87 -23.6462
88 -22.9446
89 -24.3095
90 -24.7194
91 -23.544
92 -27.3122
93 -24.025
94 -26.4565
95 -26.0484
96 -23.1056
97 -25.2066
98 -23.9151
99 -24.1893
100 -26.5385
101 -22.5902
102 -24.9799
103 -23.4165
104 -24.716
105 -25.7937
106 -25.2181
107 -25.0069
108 -20.0557
109 -26.5704
110 -22.3108
111 -21.9919
112 -24.0152
113 -25.5887
114 -25.3925
115 -25.8619
116 -26.0215
117 -24.0681
118 -23.0035
119 -19.8551
120 -25.4841
121 -21.5565
122 -26.5302
123 -24.3153
124 -24.4961
125 -24.9606
126 -24.7107
127 -27.2674
128 -19.3389
129 -25.595
130 -23.063
131 -25.6489
132 -23.314
133 -24.7718
134 -26.9813
135 -24.0651
136 -25.2917
137 -24.5473
138 -24.566
139 -22.3024
140 -26.0809
141 -24.9264
142 -23.7364
143 -23.5085
144 -25.9338
145 -24.3897
146 -24.0981
147 -23.5139
148 -20.9743
149 -24.5307
150 -25.2683
151 -25.0808
152 -23.8628
153 -24.9465
154 -25.9009
155 -22.4935
156 -25.5399
157 -21.8166
158 -22.9354
159 -23.8086
160 -22.6709
161 -22.9376
162 -22.679
163 -24.3175
164 -25.0227
165 -24.1413
166 -24.9192
167 -24.1274
168 -25.6491
169 -22.1461
170 -24.2711
171 -24.3688
172 -23.2966
173 -24.693
174 -23.7219
175 -22.6218
176 -25.9531
177 -25.3042
178 -24.4134
179 -22.4324
180 -20.4064
181 -25.3472
182 -24.6141
183 -22.8965
184 -24.9413
185 -21.9136
186 -22.5486
187 -21.3504
188 -24.2104
189 -20.6172
190 -25.525
191 -24.4663
192 -24.3114
193 -25.3431
194 -22.3405
195 -25.1506
196 -25.7454
197 -22.0931
198 -23.4814
199 -21.9927
200 -25.2851
201 -22.6626
202 -23.5735
203 -19.1743
204 -23.7807
205 -24.9671
206 -24.8536
207 -17.739
208 -21.6781
209 -25.1318
210 -25.3498
211 -21.716
212 -23.2467
213 -24.603
214 -25.542
215 -22.8435
216 -25.0371
217 -23.3637
218 -23.2604
219 -22.8094
220 -19.3546
221 -21.2512
222 -22.6973
223 -24.5597
224 -21.0561
225 -19.2044
226 -21.7384
227 -20.3241
228 -23.967
229 -23.1144
230 -23.3317
231 -21.9496
232 -23.4712
233 -25.1119
234 -23.6112
235 -23.4637
236 -23.165
237 -20.1654
238 -21.6038
239 -20.6913
240 -25.1424
241 -24.5517
242 -22.8293
243 -24.2514
244 -19.882
245 -22.1176
246 -20.2527
247 -24.2886
248 -20.5622
249 -22.9173
250 -20.0392
251 -25.0847
252 -20.0404
253 -22.8218
254 -23.1034
255 -22.3708
256 -24.0551
257 -21.8427
258 -23.0254
259 -23.3875
260 -19.545
261 -21.128
262 -20.7607
263 -22.5469
264 -23.0271
265 -22.7512
266 -21.907
267 -22.0389
268 -22.4656
269 -21.2691
270 -23.469
271 -22.8609
272 -23.6632
273 -23.6802
274 -19.8852
275 -22.4678
276 -23.4086
277 -22.0954
278 -23.0348
279 -21.3452
280 -22.9656
281 -22.3193
282 -23.5808
283 -21.5112
284 -21.9877
285 -22.7015
286 -23.4947
287 -22.826
288 -24.773
289 -22.9239
290 -21.4814
291 -20.963
292 -24.7759
293 -21.8671
294 -21.422
295 -19.8997
296 -23.4488
297 -19.1019
298 -24.0025
299 -22.4097
300 -23.4551
301 -18.741
302 -22.3843
303 -23.9395
304 -21.8891
305 -21.001
306 -23.5596
307 -21.86
308 -22.955
309 -21.8229
310 -18.7138
311 -19.9383
312 -21.1168
313 -20.4496
314 -21.1008
315 -23.364
316 -21.4068
317 -22.0477
318 -20.4234
319 -23.2503
320 -24.0441
321 -23.0489
322 -19.1405
323 -20.0408
324 -23.116
325 -22.0171
326 -23.2047
327 -22.2531
328 -21.2582
329 -22.3462
330 -23.0002
331 -23.6108
332 -22.1806
333 -23.0977
334 -22.0062
335 -22.6493
336 -20.8438
337 -21.334
338 -22.0901
339 -22.1623
340 -19.066
341 -22.9677
342 -21.7054
343 -21.747
344 -19.9158
345 -21.875
346 -20.7279
347 -21.0878
348 -21.5485
349 -24.1378
350 -18.6655
351 -22.9079
352 -24.4397
353 -19.8066
354 -22.8177
355 -23.1226
356 -22.7447
357 -22.8556
358 -22.8414
359 -18.1708
360 -22.3647
361 -21.9446
362 -23.6913
363 -22.2653
364 -18.8276
365 -23.627
366 -21.0199
367 -21.5742
368 -22.9744
369 -22.3322
370 -21.7682
371 -18.8908
372 -21.6202
373 -22.3488
374 -21.5154
375 -20.4577
376 -21.3589
377 -19.392
378 -19.125
379 -22.5241
380 -23.0566
381 -22.2533
382 -20.7066
383 -22.2775
384 -20.0278
385 -15.3162
386 -15.9684
387 -21.5147
388 -20.7332
389 -21.4036
390 -22.3215
391 -22.5233
392 -22.6215
393 -20.0641
394 -21.5414
395 -23.882
396 -22.4475
397 -20.823
398 -21.2538
399 -23.0467
400 -20.9828
401 -20.4482
402 -21.3995
403 -21.5241
404 -16.484
405 -21.9402
406 -23.0149
407 -19.8176
408 -20.849
409 -21.3049
410 -20.2012
411 -20.1506
412 -22.2182
413 -20.9021
414 -20.4366
415 -23.0841
416 -22.7234
417 -22.6791
418 -19.5497
419 -22.4497
420 -21.4569
421 -21.9011
422 -19.7573
423 -21.4498
424 -20.295
425 -20.9662
426 -20.9228
427 -21.8525
428 -22.7085
429 -23.0492
430 -20.557
431 -21.9462
432 -19.035
433 -21.497
434 -18.5019
435 -16.457
436 -19.7853
437 -21.5198
438 -21.5907
439 -17.0733
440 -19.0675
441 -21.6891
442 -18.1064
443 -22.1627
444 -21.6342
445 -20.2571
446 -22.0429
447 -17.9146
448 -19.8978
449 -19.3056
450 -21.85
451 -20.4767
452 -19.2258
453 -18.2867
454 -18.9954
455 -22.2573
456 -19.5457
457 -22.985
458 -21.0208
459 -18.5977
460 -21.2186
461 -21.0617
462 -21.8134
463 -21.5179
464 -19.3394
465 -18.5042
466 -21.5553
467 -20.6298
468 -20.3623
469 -21.6171
470 -23.234
471 -22.2396
472 -20.3679
473 -21.2909
474 -19.7542
475 -19.7569
476 -20.0532
477 -21.1254
478 -21.5233
479 -20.4321
480 -20.1496
481 -20.3776
482 -22.3314
483 -20.4005
484 -21.3535
485 -20.9374
486 -20.4758
487 -20.7622
488 -20.36
489 -22.1002
490 -17.8826
491 -20.3008
492 -21.199
493 -22.8791
494 -20.2369
495 -20.6175
496 -19.5902
497 -22.9253
498 -19.8734
499 -20.854
500 -21.7879
501 -19.8074
502 -20.3694
503 -19.9994
504 -18.6518
505 -20.0201
506 -21.0416
507 -20.8146
508 -22.1478
509 -17.325
510 -20.2666
511 -19.6315
512 -20.6771
513 -21.2698
514 -21.7522
515 -21.803
516 -19.5045
517 -21.4838
518 -21.1215
519 -19.2506
520 -21.8664
521 -19.7353
522 -19.7502
523 -17.306
524 -20.7481
525 -18.709
526 -20.5698
527 -21.7945
528 -22.4346
529 -21.9375
530 -20.3375
531 -22.05
532 -19.2324
533 -19.9491
534 -20.9942
535 -21.6527
536 -19.8427
537 -19.4335
538 -22.0918
539 -20.5128
540 -22.6311
541 -22.5215
542 -20.9925
543 -19.9355
544 -21.9234
545 -20.7122
546 -19.9671
547 -21.1004
548 -19.3375
549 -20.4591
550 -21.1844
551 -21.1852
552 -20.7035
553 -21.3717
554 -20.2606
555 -21.9682
556 -21.0135
557 -22.2301
558 -16.7602
559 -21.2503
560 -21.8719
561 -17.4215
562 -22.853
563 -20.6052
564 -21.1324
565 -17.2883
566 -22.7515
567 -20.8979
568 -18.1096
569 -22.0308
570 -18.462
571 -22.0401
572 -19.1812
573 -21.7357
574 -22.1347
575 -20.3597
576 -19.7727
577 -21.0979
578 -20.3466
579 -22.4972
580 -21.4752
581 -19.8177
582 -21.3945
583 -21.4158
584 -18.7319
585 -20.7677
586 -20.5009
587 -19.2938
588 -21.4009
589 -20.1917
590 -19.558
591 -18.66
592 -14.8122
593 -18.4496
594 -20.6459
595 -20.3483
596 -21.422
597 -21.9366
598 -19.4875
599 -21.399
600 -17.7165
601 -19.6538
602 -20.278
603 -20.499
604 -21.8749
605 -20.0067
606 -20.5253
607 -17.1919
608 -20.8534
609 -20.0193
610 -18.3433
611 -21.4399
612 -21.8101
613 -20.708
614 -19.0564
615 -23.113
616 -22.0489
617 -19.8893
618 -16.9031
619 -15.2825
620 -21.8125
621 -21.4629
622 -19.0915
623 -17.192
624 -19.5237
625 -17.7652
626 -19.9063
627 -20.5698
628 -17.9736
629 -20.922
630 -20.6281
631 -20.3972
632 -20.8086
633 -18.495
634 -15.5084
635 -18.829
636 -22.1755
637 -19.7705
638 -19.7122
639 -21.1024
640 -20.7329
641 -18.6051
642 -19.6331
643 -19.7793
644 -21.5766
645 -20.8501
646 -20.7761
647 -20.2127
648 -19.1819
649 -20.3947
650 -20.0257
651 -20.247
652 -20.3895
653 -20.4081
654 -16.5824
655 -17.0267
656 -16.8098
657 -20.7129
658 -19.6815
659 -21.6258
660 -20.0093
661 -17.4003
662 -21.1169
663 -21.0651
664 -20.2313
665 -18.7848
666 -18.9841
667 -20.3425
668 -19.0617
669 -21.6192
670 -21.7757
671 -22.3924
672 -19.1441
673 -21.3929
674 -21.4801
675 -19.5466
676 -19.809
677 -19.1267
678 -18.7124
679 -18.828
680 -19.5479
681 -19.0465
682 -21.4754
683 -19.3145
684 -19.9722
685 -20.2894
686 -21.9812
687 -20.3235
688 -18.4386
689 -19.4419
690 -18.6866
691 -18.6528
692 -20.3897
693 -19.7144
694 -19.1707
695 -20.1865
696 -21.6903
697 -18.4518
698 -20.0303
699 -19.7365
700 -18.2586
701 -20.2658
702 -20.8597
703 -18.7119
704 -20.7333
705 -19.1964
706 -17.2382
707 -20.3915
708 -20.5292
709 -20.5542
710 -18.6036
711 -18.0292
712 -20.8011
713 -20.5621
714 -19.0387
715 -18.9756
716 -20.4831
717 -19.0109
718 -17.7855
719 -21.0736
720 -19.8003
721 -20.2455
722 -18.9425
723 -19.5452
724 -16.1016
725 -18.8782
726 -21.4106
727 -20.8731
728 -17.9153
729 -18.2214
730 -21.0827
731 -19.6779
732 -21.6261
733 -19.1925
734 -20.9273
735 -18.8697
736 -21.4297
737 -18.4371
738 -21.155
739 -17.7141
740 -21.1567
741 -21.9692
742 -19.6058
743 -20.1791
744 -19.122
745 -18.7712
746 -18.8138
747 -20.6022
748 -18.6828
749 -19.5507
750 -20.2175
751 -17.5988
752 -17.214
753 -16.9839
754 -19.8117
755 -18.6235
756 -22.2203
757 -18.3771
758 -20.5696
759 -19.5996
760 -21.0618
761 -19.5322
762 -18.1841
763 -19.5462
764 -20.917
765 -20.0754
766 -18.5596
767 -18.315
768 -17.6139
769 -19.2428
770 -20.3066
771 -19.6979
772 -19.4015
773 -18.6439
774 -19.4191
775 -19.1967
776 -15.2298
777 -19.2146
778 -20.8155
779 -20.4049
780 -16.5362
781 -19.8933
782 -20.4046
783 -18.7847
784 -19.7426
785 -20.8551
786 -19.5957
787 -20.8393
788 -18.5269
789 -20.877
790 -17.5844
791 -21.0658
792 -19.0361
793 -19.079
794 -18.7888
795 -17.7093
796 -16.3224
797 -19.1828
798 -18.7617
799 -20.8764
800 -20.9575
801 -20.8728
802 -19.063
803 -19.9792
804 -19.2082
805 -18.8455
806 -21.0524
807 -14.5288
808 -18.5081
809 -20.3894
810 -19.8571
811 -18.8495
812 -17.0127
813 -20.8993
814 -19.1369
815 -20.4148
816 -18.6951
817 -18.3562
818 -19.7615
819 -18.4077
820 -19.6674
821 -17.0211
822 -20.5621
823 -21.6267
824 -18.9112
825 -19.915
826 -15.6506
827 -20.2716
828 -16.2927
829 -19.9972
830 -19.606
831 -17.7903
832 -20.5706
833 -18.6993
834 -21.1522
835 -20.3125
836 -19.1818
837 -17.9905
838 -11.0675
839 -18.7486
840 -20.2452
841 -17.4123
842 -20.6784
843 -18.8372
844 -18.0939
845 -18.5303
846 -15.2655
847 -17.525
848 -20.07
849 -18.2907
850 -19.26
851 -20.143
852 -19.3405
853 -18.5071
854 -16.2787
855 -19.2777
856 -20.892
857 -18.5178
858 -18.2476
859 -18.2113
860 -19.2837
861 -18.4038
862 -18.2049
863 -17.3091
864 -18.5832
865 -19.547
866 -17.5271
867 -16.7167
868 -19.9339
869 -20.1431
870 -19.5972
871 -20.7014
872 -18.4581
873 -16.0209
874 -17.8529
875 -18.429
876 -19.7417
877 -19.2358
878 -19.5241
879 -18.5764
880 -20.0895
881 -17.4893
882 -19.908
883 -19.9357
884 -19.6057
885 -18.7625
886 -20.7139
887 -19.1231
888 -18.9372
889 -19.8642
890 -18.2063
891 -19.9166
892 -18.1579
893 -18.6394
894 -18.3019
895 -19.5292
896 -17.9224
897 -19.0445
898 -19.3537
899 -18.78
900 -21.189
901 -20.0505
902 -19.6651
903 -18.8195
904 -19.4991
905 -19.732
906 -17.0772
907 -18.4828
908 -19.557
909 -14.8564
910 -19.8954
911 -16.142
912 -18.6804
913 -16.8226
914 -19.7197
915 -17.3423
916 -20.5425
917 -20.7179
918 -19.7964
919 -19.7757
920 -17.841
921 -15.1433
922 -19.3922
923 -15.3889
924 -16.2395
925 -18.1572
926 -18.6153
927 -17.083
928 -20.5463
929 -19.7456
930 -18.377
931 -18.8272
932 -17.7173
933 -16.444
934 -18.6624
935 -18.2117
936 -19.6739
937 -16.8679
938 -19.6778
939 -16.338
940 -16.9797
941 -16.8097
942 -16.9968
943 -18.4757
944 -12.6598
945 -14.7856
946 -20.7594
947 -17.5451
948 -19.2874
949 -20.7556
950 -20.8729
951 -21.0474
952 -14.0148
953 -17.8608
954 -17.4741
955 -20.2493
956 -19.6503
957 -18.0105
958 -18.5798
959 -14.944
960 -15.9687
961 -19.3522
962 -17.3995
963 -20.3542
964 -19.2495
965 -18.7335
966 -18.3751
967 -18.6102
968 -18.6201
969 -17.6232
970 -20.6137
971 -17.6775
972 -19.4233
973 -18.0164
974 -18.0641
975 -18.8105
976 -20.3639
977 -19.1911
978 -19.1266
979 -20.926
980 -19.4919
981 -19.4373
982 -18.8944
983 -16.2064
984 -18.4216
985 -20.2032
986 -19.299
987 -16.3809
988 -20.0722
989 -19.8278
990 -18.0023
991 -19.6033
992 -19.5838
993 -19.3297
994 -20.2493
995 -19.5891
996 -19.1867
997 -17.3702
998 -18.5728
999 -19.4566
1000 -18.1158
1001 -17.0859
1002 -21.2876
1003 -20.1029
1004 -19.397
1005 -18.7039
1006 -15.1929
1007 -19.2854
1008 -18.7957
1009 -19.962
1010 -17.401
1011 -18.453
1012 -19.7911
1013 -18.6071
1014 -17.7049
1015 -18.4933
1016 -19.2878
1017 -19.7558
1018 -18.0762
1019 -17.2472
1020 -16.3078
1021 -19.0087
1022 -18.579
1023 -16.9608
1024 -20.6272
1025 -17.3004
1026 -19.1203
1027 -17.0679
1028 -18.0941
1029 -20.8289
1030 -14.2187
1031 -20.7728
1032 -17.6119
1033 -17.7989
1034 -16.4791
1035 -19.6565
1036 -19.7555
1037 -18.0383
1038 -17.6681
1039 -19.0025
1040 -17.5217
1041 -17.957
1042 -14.0527
1043 -19.4805
1044 -19.8036
1045 -19.2936
1046 -19.2843
1047 -15.0448
1048 -16.1633
1049 -17.948
1050 -18.8501
1051 -18.2283
1052 -17.9912
1053 -17.0104
1054 -18.1796
1055 -20.1781
1056 -15.7707
1057 -19.1356
1058 -17.8959
1059 -18.4212
1060 -17.9418
1061 -16.2368
1062 -19.847
1063 -19.4406
1064 -16.9605
1065 -19.2346
1066 -19.3039
1067 -19.5673
1068 -18.1354
1069 -19.5592
1070 -18.1503
1071 -17.2885
1072 -18.5363
1073 -17.8396
1074 -18.6856
1075 -19.7091
1076 -17.7068
1077 -19.1201
1078 -18.8129
1079 -18.4027
1080 -20.0467
1081 -18.3762
1082 -15.731
1083 -19.6032
1084 -19.2315
1085 -18.9899
1086 -18.776
1087 -11.8798
1088 -17.9869
1089 -18.6163
1090 -19.7483
1091 -17.3152
1092 -18.7059
1093 -18.0673
1094 -20.0704
1095 -18.6925
1096 -18.7699
1097 -16.8059
1098 -17.6228
1099 -20.5406
1100 -18.5359
1101 -19.3686
1102 -17.0808
1103 -17.2783
1104 -19.0247
1105 -19.2888
1106 -18.0607
1107 -20.9248
1108 -17.9696
1109 -15.5982
1110 -18.3432
1111 -18.8076
1112 -17.9524
1113 -20.0125
1114 -19.0901
1115 -20.1803
1116 -18.0548
1117 -15.7092
1118 -15.691
1119 -18.1748
1120 -17.792
1121 -15.835
1122 -18.8505
1123 -19.3017
1124 -17.8614
1125 -18.616
1126 -20.2908
1127 -19.6712
1128 -19.1318
1129 -19.0344
1130 -19.3455
1131 -14.4929
1132 -18.2649
1133 -18.3896
1134 -18.0152
1135 -18.4852
1136 -19.1262
1137 -15.2769
1138 -13.1075
1139 -12.5236
1140 -18.0822
1141 -18.3633
1142 -18.2648
1143 -20.2783
1144 -18.4381
1145 -19.2237
1146 -17.0311
1147 -18.2154
1148 -19.5682
1149 -18.7658
1150 -17.4946
1151 -19.5639
1152 -16.9234
1153 -20.3172
1154 -18.7799
1155 -12.3744
1156 -17.731
1157 -19.1777
1158 -19.1696
1159 -16.1247
1160 -18.144
1161 -13.9647
1162 -17.2087
1163 -17.2401
1164 -17.9693
1165 -18.9737
1166 -18.7057
1167 -13.8398
1168 -19.4913
1169 -19.7338
1170 -15.703
1171 -18.6871
1172 -18.1635
1173 -18.97
1174 -14.9041
1175 -18.5979
1176 -18.5253
1177 -18.7397
1178 -18.6911
1179 -17.4409
1180 -15.6982
1181 -12.8488
1182 -15.0259
1183 -14.2716
1184 -18.563
1185 -19.2406
1186 -19.9031
1187 -18.7072
1188 -18.9918
1189 -19.0336
1190 -18.1463
1191 -19.4711
1192 -17.6101
1193 -19.9167
1194 -18.6011
1195 -18.1666
1196 -17.1436
1197 -19.4016
1198 -18.8399
1199 -19.5537
1200 -18.2738
1201 -18.1175
1202 -19.4574
1203 -16.7448
1204 -19.2558
1205 -15.4713
1206 -18.027
1207 -20.2631
1208 -19.5881
1209 -16.506
1210 -20.3279
1211 -19.8038
1212 -19.1801
1213 -19.8348
1214 -18.3201
1215 -18.7721
1216 -18.1425
1217 -15.0158
1218 -16.0295
1219 -14.7577
1220 -18.4697
1221 -18.8345
1222 -17.6889
1223 -19.6488
1224 -17.2392
1225 -17.4337
1226 -18.2074
1227 -16.5591
1228 -16.5385
1229 -18.283
1230 -18.1704
1231 -19.4075
1232 -19.2451
1233 -18.0784
1234 -15.9633
1235 -17.4147
1236 -19.1386
1237 -18.596
1238 -19.0863
1239 -17.0975
1240 -18.5757
1241 -18.0098
1242 -19.3077
1243 -17.1162
1244 -19.787
1245 -18.348
1246 -18.5448
1247 -19.6469
1248 -18.9676
1249 -15.5984
1250 -20.2454
1251 -15.8673
1252 -17.3584
1253 -18.5435
1254 -18.789
1255 -17.5974
1256 -16.3291
1257 -17.0851
1258 -18.8074
1259 -17.4336
1260 -17.8046
1261 -17.3439
1262 -20.389
1263 -18.2128
1264 -16.3574
1265 -19.214
1266 -17.7214
1267 -19.5145
1268 -16.1693
1269 -18.8377
1270 -19.1871
1271 -16.5599
1272 -19.1491
1273 -18.9108
1274 -17.656
1275 -17.7789
1276 -18.864
1277 -15.3727
1278 -18.068
1279 -17.4978
1280 -17.0537
1281 -16.3562
1282 -17.9944
1283 -17.7977
1284 -17.1941
1285 -16.2024
1286 -18.6181
1287 -16.7116
1288 -17.9486
1289 -16.3648
1290 -16.359
1291 -14.4265
1292 -17.5633
1293 -18.1251
1294 -18.9856
1295 -14.1215
1296 -14.2234
1297 -18.964
1298 -18.26
1299 -17.575
1300 -13.567
1301 -17.913
1302 -15.0455
1303 -14.3057
1304 -18.6352
1305 -16.1071
1306 -17.9434
1307 -18.7702
1308 -19.5965
1309 -15.1698
1310 -17.802
1311 -17.3416
1312 -18.593
1313 -18.0584
1314 -18.4712
1315 -18.0872
1316 -18.0093
1317 -16.4568
1318 -17.7049
1319 -19.0781
1320 -15.1032
1321 -19.3692
1322 -18.6164
1323 -17.4908
1324 -17.7701
1325 -18.1107
1326 -19.2157
1327 -16.9371
1328 -14.0889
1329 -18.9026
1330 -15.4025
1331 -18.8966
1332 -19.3852
1333 -18.607
1334 -16.1775
1335 -15.9546
1336 -18.648
1337 -16.8416
1338 -18.6974
1339 -16.7978
1340 -19.4298
1341 -19.085
1342 -20.0699
1343 -15.1748
1344 -17.1487
1345 -17.8177
1346 -17.9859
1347 -17.4178
1348 -15.6004
1349 -18.8979
1350 -17.4775
1351 -15.9135
1352 -19.9887
1353 -18.5354
1354 -13.6148
1355 -11.6933
1356 -19.0684
1357 -17.9179
1358 -18.4097
1359 -17.8723
1360 -17.7684
1361 -18.3385
1362 -17.5784
1363 -19.0961
1364 -16.8266
1365 -17.9225
1366 -18.4195
1367 -16.3606
1368 -17.7846
1369 -17.9321
1370 -17.7733
1371 -17.6289
1372 -18.1468
1373 -16.6628
1374 -18.7524
1375 -16.9946
1376 -17.8544
1377 -17.6515
1378 -18.6199
1379 -17.967
1380 -18.151
1381 -16.7999
1382 -18.1636
1383 -16.5074
1384 -15.9193
1385 -18.5365
1386 -17.1863
1387 -18.0939
1388 -15.8744
1389 -16.8246
1390 -17.5581
1391 -18.6253
1392 -19.7713
1393 -20.1853
1394 -19.1713
1395 -18.46
1396 -18.4071
1397 -18.2202
1398 -16.7346
1399 -17.317
1400 -16.4611
1401 -19.3185
1402 -17.2584
1403 -17.8174
1404 -16.073
1405 -16.8761
1406 -14.9973
1407 -18.5378
1408 -18.8225
1409 -17.6311
1410 -17.0575
1411 -19.2063
1412 -17.4914
1413 -17.2215
1414 -18.3531
1415 -16.8055
1416 -15.3204
1417 -17.3661
1418 -16.7459
1419 -18.9776
1420 -17.0472
1421 -17.7355
1422 -14.5551
1423 -17.2852
1424 -16.0281
1425 -16.5955
1426 -19.188
1427 -19.2758
1428 -19.7294
1429 -17.4332
1430 -17.5142
1431 -15.4339
1432 -17.4356
1433 -15.19
1434 -19.4806
1435 -18.5855
1436 -19.5205
1437 -18.8292
1438 -14.6552
1439 -17.0288
1440 -19.2258
1441 -13.6372
1442 -19.6074
1443 -15.2916
1444 -18.7501
1445 -18.3337
1446 -18.0902
1447 -18.6003
1448 -19.0244
1449 -17.4782
1450 -17.7634
1451 -19.3362
1452 -16.49
1453 -17.7464
1454 -15.8235
1455 -18.2809
1456 -18.5502
1457 -17.5203
1458 -16.9258
1459 -16.3523
1460 -17.5629
1461 -18.2146
1462 -17.4671
1463 -16.0478
1464 -17.6195
1465 -17.6441
1466 -18.0077
1467 -17.1208
1468 -16.1561
1469 -16.638
1470 -18.8389
1471 -15.836
1472 -16.147
1473 -17.5648
1474 -17.6269
1475 -17.5108
1476 -15.4107
1477 -15.1365
1478 -15.9484
1479 -16.5625
1480 -17.8106
1481 -17.4829
1482 -17.7557
1483 -16.1821
1484 -16.8789
1485 -18.8351
1486 -16.8512
1487 -17.1847
1488 -17.9078
1489 -16.6944
1490 -18.7104
1491 -17.673
1492 -19.4339
1493 -14.4385
1494 -17.6841
1495 -16.0129
1496 -14.5001
1497 -17.3162
1498 -18.744
1499 -17.6797
1500 -17.2047
1501 -17.9337
1502 -18.6083
1503 -15.9981
1504 -18.8055
1505 -16.395
1506 -14.6513
1507 -18.6802
1508 -17.8013
1509 -18.6865
1510 -19.9606
1511 -13.9372
1512 -19.2079
1513 -17.2471
1514 -18.6348
1515 -17.7092
1516 -16.1998
1517 -19.4963
1518 -17.0292
1519 -18.5805
1520 -14.7949
1521 -20.1267
1522 -19.31
1523 -17.7546
1524 -19.6743
1525 -18.0682
1526 -15.0892
1527 -17.6331
1528 -16.3993
1529 -18.068
1530 -14.5634
1531 -15.1121
1532 -16.3295
1533 -18.5939
1534 -13.7549
1535 -16.6026
1536 -18.3521
1537 -18.1531
1538 -16.2593
1539 -19.0933
1540 -17.2984
1541 -19.2983
1542 -15.835
1543 -18.4461
1544 -13.7914
1545 -17.5874
1546 -16.8768
1547 -15.6053
1548 -16.9658
1549 -14.9721
1550 -16.7965
1551 -12.5404
1552 -17.1093
1553 -18.4879
1554 -17.0712
1555 -19.4069
1556 -16.7306
1557 -18.374
1558 -18.999
1559 -17.4841
1560 -17.4035
1561 -18.1547
1562 -16.775
1563 -16.8774
1564 -19.0114
1565 -17.1026
1566 -18.6323
1567 -13.0949
1568 -17.3598
1569 -17.7666
1570 -16.949
1571 -18.1897
1572 -16.5694
1573 -17.5827
1574 -16.0921
1575 -18.207
1576 -16.8588
1577 -17.6851
1578 -15.6276
1579 -15.7278
1580 -17.8438
1581 -16.5715
1582 -15.1747
1583 -18.1724
1584 -16.724
1585 -17.0253
1586 -16.6769
1587 -14.966
1588 -14.4995
1589 -16.6681
1590 -17.7423
1591 -16.9958
1592 -16.8145
1593 -15.9947
1594 -14.1512
1595 -14.0328
1596 -16.3725
1597 -18.0584
1598 -16.2081
1599 -16.7352
1600 -17.2332
1601 -17.5956
1602 -19.0766
1603 -17.6458
1604 -18.7983
1605 -14.1257
1606 -18.9093
1607 -16.2111
1608 -18.7186
1609 -17.9886
1610 -19.1789
1611 -16.7191
1612 -17.6632
1613 -16.653
1614 -18.5026
1615 -16.8859
1616 -19.2477
1617 -18.8347
1618 -17.5954
1619 -13.3349
1620 -18.904
1621 -13.0631
1622 -18.6329
1623 -15.7707
1624 -14.2924
1625 -15.9306
1626 -17.3899
1627 -16.1882
1628 -17.3404
1629 -15.7265
1630 -16.6135
1631 -18.3227
1632 -18.3502
1633 -17.3052
1634 -18.6041
1635 -15.1691
1636 -17.5717
1637 -17.667
1638 -15.4663
1639 -18.266
1640 -17.8978
1641 -18.4236
1642 -17.2201
1643 -14.182
1644 -14.8014
1645 -16.8099
1646 -14.1234
1647 -17.976
1648 -17.1311
1649 -18.4219
1650 -16.3198
1651 -17.7905
1652 -18.5922
1653 -17.548
1654 -15.6126
1655 -18.9404
1656 -13.5278
1657 -17.4486
1658 -18.3113
1659 -15.78
1660 -17.047
1661 -18.0079
1662 -18.2512
1663 -16.0159
1664 -17.4377
1665 -16.8206
1666 -18.8122
1667 -18.0582
1668 -18.6512
1669 -14.3851
1670 -16.8602
1671 -18.5756
1672 -17.1376
1673 -17.2577
1674 -18.7597
1675 -16.8696
1676 -18.1902
1677 -15.8258
1678 -18.2169
1679 -16.2683
1680 -16.7522
1681 -17.1101
1682 -14.5361
1683 -17.6011
1684 -14.5867
1685 -15.0234
1686 -17.8272
1687 -16.7024
1688 -16.852
1689 -14.7652
1690 -19.4743
1691 -16.0298
1692 -18.0779
1693 -17.0162
1694 -18.3986
1695 -13.5258
1696 -16.2709
1697 -17.5981
1698 -16.1399
1699 -18.0361
1700 -18.163
1701 -17.9172
1702 -17.5741
1703 -17.1838
1704 -15.7811
1705 -11.7221
1706 -16.3321
1707 -15.1872
1708 -15.0449
1709 -17.5584
1710 -17.6512
1711 -13.9806
1712 -16.8321
1713 -17.0957
1714 -18.4314
1715 -17.255
1716 -18.6513
1717 -17.5502
1718 -16.2158
1719 -18.0446
1720 -16.601
1721 -10.977
1722 -18.538
1723 -16.617
1724 -16.5869
1725 -18.7685
1726 -16.4881
1727 -17.7467
1728 -18.5132
1729 -16.0505
1730 -17.8474
1731 -18.0702
1732 -12.6122
1733 -17.2608
1734 -17.9581
1735 -17.9133
1736 -15.206
1737 -17.7695
1738 -17.9994
1739 -17.0832
1740 -17.8492
1741 -17.5171
1742 -16.5314
1743 -17.0739
1744 -17.7248
1745 -18.5235
1746 -16.9806
1747 -14.6111
1748 -17.6134
1749 -17.1358
1750 -17.8468
1751 -18.3398
1752 -17.7025
1753 -18.4428
1754 -19.286
1755 -16.7782
1756 -16.2956
1757 -17.9052
1758 -17.7574
1759 -16.0209
1760 -17.3841
1761 -16.5293
1762 -18.767
1763 -17.282
1764 -11.7073
1765 -15.8309
1766 -17.5247
1767 -17.8634
1768 -16.8995
1769 -15.4249
1770 -16.5359
1771 -17.9906
1772 -15.6531
1773 -16.4987
1774 -17.4157
1775 -15.577
1776 -16.7917
1777 -14.9647
1778 -16.8467
1779 -12.7131
1780 -16.1119
1781 -16.1657
1782 -15.5076
1783 -15.8972
1784 -16.6443
1785 -17.3278
1786 -18.3207
1787 -16.9048
1788 -17.8324
1789 -17.9144
1790 -17.3554
1791 -18.3014
1792 -15.6784
1793 -18.2525
1794 -17.3663
1795 -15.7617
1796 -17.5013
1797 -19.1983
1798 -14.9849
1799 -17.4584
1800 -16.7932
1801 -18.7017
1802 -16.2679
1803 -14.9647
1804 -18.105
1805 -17.829
1806 -18.5698
1807 -16.3591
1808 -15.7606
1809 -16.6364
1810 -18.8548
1811 -17.7603
1812 -13.7352
1813 -15.9751
1814 -17.3962
1815 -8.43148
1816 -14.5639
1817 -15.4636
1818 -17.4568
1819 -16.1736
1820 -17.7906
1821 -15.5506
1822 -18.0347
1823 -17.3108
1824 -16.8506
1825 -18.58
1826 -17.0705
1827 -17.1332
1828 -18.7931
1829 -13.0202
1830 -16.771
1831 -14.4394
1832 -18.1048
1833 -16.3183
1834 -16.5814
1835 -16.8605
1836 -17.3038
1837 -13.3505
1838 -17.9277
1839 -17.5825
1840 -15.7834
1841 -14.7016
1842 -16.4413
1843 -16.4088
1844 -16.2776
1845 -18.0428
1846 -14.2729
1847 -16.4633
1848 -16.8986
1849 -15.7405
1850 -17.102
1851 -18.1543
1852 -17.8436
1853 -16.4803
1854 -18.3578
1855 -18.2948
1856 -16.6753
1857 -17.5784
1858 -16.5505
1859 -18.9295
1860 -15.2609
1861 -16.5092
1862 -17.9454
1863 -18.2385
1864 -18.655
1865 -14.9934
1866 -17.2611
1867 -17.6108
1868 -15.8201
1869 -14.1475
1870 -16.5826
1871 -16.9312
1872 -16.4896
1873 -18.879
1874 -17.3676
1875 -17.6952
1876 -16.208
1877 -16.3566
1878 -16.3122
1879 -13.6502
1880 -17.1909
1881 -15.9617
1882 -18.1541
1883 -17.1226
1884 -17.0481
1885 -15.2623
1886 -18.4141
1887 -17.334
1888 -16.4624
1889 -17.1945
1890 -11.5343
1891 -19.1099
1892 -15.5409
1893 -12.7598
1894 -16.4649
1895 -18.3577
1896 -16.1985
1897 -19.5571
1898 -16.1633
1899 -16.8332
1900 -15.7012
1901 -16.1832
1902 -17.5215
1903 -18.1439
1904 -15.9075
1905 -17.5156
1906 -16.3061
1907 -15.7331
1908 -18.7355
1909 -13.4664
1910 -11.9925
1911 -14.5318
1912 -18.2751
1913 -17.1573
1914 -15.9544
1915 -16.9675
1916 -17.6424
1917 -17.8834
1918 -18.8083
1919 -16.3962
1920 -16.2114
1921 -16.2098
1922 -14.7904
1923 -18.0172
1924 -16.9761
1925 -15.8995
1926 -16.983
1927 -15.8201
1928 -12.0317
1929 -17.2183
1930 -15.6762
1931 -16.1866
1932 -17.3986
1933 -16.8849
1934 -15.5587
1935 -17.2204
1936 -19.4305
1937 -15.9469
1938 -16.1207
1939 -14.8312
1940 -18.0386
1941 -15.9386
1942 -16.7356
1943 -17.4317
1944 -13.9352
1945 -16.2124
1946 -17.3211
1947 -17.1579
1948 -17.1156
1949 -15.7134
1950 -18.0649
1951 -18.0864
1952 -17.0386
1953 -14.3754
1954 -18.4359
1955 -13.3247
1956 -17.5241
1957 -14.9207
1958 -17.255
1959 -18.5533
1960 -17.8306
1961 -12.0248
1962 -13.6387
1963 -17.9202
1964 -15.2871
1965 -16.4938
1966 -16.5554
1967 -16.6976
1968 -16.4576
1969 -15.0604
1970 -16.6299
1971 -16.3938
1972 -17.1019
1973 -16.3509
1974 -18.0035
1975 -18.0773
1976 -16.2329
1977 -16.2448
1978 -15.6809
1979 -15.7769
1980 -16.907
1981 -17.332
1982 -16.4533
1983 -14.4432
1984 -15.7662
1985 -16.2712
1986 -16.732
1987 -12.9351
1988 -13.1853
1989 -15.9909
1990 -16.8344
1991 -17.6995
1992 -18.5257
1993 -16.772
1994 -17.4186
1995 -14.7195
1996 -18.224
1997 -17.7334
1998 -17.7443
1999 -15.5173
2000 -18.5164
2001 -14.78
2002 -17.4845
2003 -18.2115
2004 -17.1822
2005 -17.6123
2006 -17.0883
2007 -16.8988
2008 -17.6706
2009 -17.5936
2010 -17.6601
2011 -11.0805
2012 -15.4921
2013 -15.6455
2014 -14.5772
2015 -15.271
2016 -16.5659
2017 -8.79791
2018 -17.1874
2019 -11.4551
2020 -17.7602
2021 -16.1876
2022 -12.5181
2023 -16.0914
2024 -15.6369
2025 -14.7125
2026 -17.6235
2027 -17.202
2028 -17.1136
2029 -16.0829
2030 -16.7062
2031 -15.1324
2032 -16.1171
2033 -14.1733
2034 -16.6162
2035 -16.3721
2036 -17.7043
2037 -17.8621
2038 -17.2129
2039 -17.1493
2040 -16.9431
2041 -15.8185
2042 -16.2405
2043 -17.5846
2044 -15.9433
2045 -17.5329
2046 -11.0043
2047 -16.1886
2048 -17.7635
2049 -17.0884
2050 -15.7441
2051 -16.0161
2052 -14.687
2053 -17.3927
2054 -17.7066
2055 -18.5303
2056 -16.6723
2057 -13.3728
2058 -17.6095
2059 -16.6657
2060 -16.2813
2061 -17.327
2062 -13.8899
2063 -17.8745
2064 -12.7055
2065 -14.384
2066 -17.5954
2067 -16.4326
2068 -18.3069
2069 -17.7344
2070 -15.7934
2071 -16.5554
2072 -17.4585
2073 -17.366
2074 -14.4529
2075 -18.4364
2076 -17.3352
2077 -15.4004
2078 -15.0508
2079 -16.4402
2080 -17.0657
2081 -17.7729
2082 -17.859
2083 -16.474
2084 -18.7085
2085 -18.5156
2086 -13.4564
2087 -15.9165
2088 -17.9303
2089 -14.6285
2090 -17.8123
2091 -16.5881
2092 -16.0955
2093 -15.7512
2094 -15.7485
2095 -18.0547
2096 -13.893
2097 -17.6764
2098 -16.1145
2099 -15.5019
2100 -18.216
2101 -14.4914
2102 -16.7928
2103 -15.5988
2104 -15.5224
2105 -15.3295
2106 -15.5893
2107 -17.9432
2108 -17.2419
2109 -14.3248
2110 -16.0802
2111 -16.6961
2112 -15.9304
2113 -16.9911
2114 -14.9521
2115 -14.7076
2116 -15.579
2117 -17.071
2118 -17.5501
2119 -15.6857
2120 -15.4007
2121 -18.0681
2122 -16.2127
2123 -18.3874
2124 -15.0111
2125 -16.1101
2126 -15.7501
2127 -16.0441
2128 -14.5555
2129 -16.5909
2130 -16.5322
2131 -15.7022
2132 -15.2188
2133 -16.2496
2134 -16.9118
2135 -15.9904
2136 -13.6015
2137 -16.097
2138 -16.463
2139 -14.297
2140 -15.7713
2141 -16.0809
2142 -17.3507
2143 -15.0789
2144 -17.6746
2145 -14.1369
2146 -13.0818
2147 -15.9146
2148 -13.7888
2149 -15.0131
2150 -16.6043
2151 -15.5315
2152 -16.0913
2153 -18.0998
2154 -15.9108
2155 -17.0338
2156 -17.8642
2157 -16.336
2158 -17.6438
2159 -17.6974
2160 -16.0566
2161 -16.3513
2162 -16.2275
2163 -14.4144
2164 -16.4928
2165 -16.6307
2166 -14.0951
2167 -16.9068
2168 -16.7658
2169 -14.3451
2170 -17.7069
2171 -16.759
2172 -18.5284
2173 -14.2969
2174 -17.3896
2175 -17.4275
2176 -16.2395
2177 -17.2686
2178 -14.2991
2179 -16.2197
2180 -17.325
2181 -17.2768
2182 -11.2452
2183 -17.4117
2184 -18.2751
2185 -15.9005
2186 -10.339
2187 -17.0644
2188 -16.1175
2189 -17.5148
2190 -17.0612
2191 -17.8089
2192 -16.9488
2193 -14.5223
2194 -13.5536
2195 -16.6928
2196 -15.1878
2197 -17.2078
2198 -17.1066
2199 -14.7286
2200 -16.8025
2201 -17.1824
2202 -17.8485
2203 -14.9931
2204 -16.8058
2205 -15.8196
2206 -17.3436
2207 -17.7932
2208 -15.4326
2209 -17.4128
2210 -17.4242
2211 -14.4763
2212 -15.109
2213 -17.4315
2214 -16.2234
2215 -17.8968
2216 -13.5627
2217 -14.5342
2218 -15.2888
2219 -14.6192
2220 -15.2661
2221 -17.013
2222 -13.4521
2223 -17.6565
2224 -16.8246
2225 -15.6372
2226 -17.4284
2227 -15.7337
2228 -16.739
2229 -17.5224
2230 -13.8958
2231 -15.4883
2232 -11.6363
2233 -16.6157
2234 -14.7534
2235 -13.1623
2236 -14.1721
2237 -14.8974
2238 -17.0187
2239 -18.4219
2240 -16.2862
2241 -16.9378
2242 -16.7156
2243 -15.9522
2244 -17.799
2245 -11.1916
2246 -16.487
2247 -12.8254
2248 -18.8954
2249 -17.6652
2250 -15.3831
2251 -18.3998
2252 -14.139
2253 -17.9522
2254 -17.7998
2255 -18.0272
2256 -14.4252
2257 -16.3783
2258 -15.6193
2259 -17.9442
2260 -14.6712
2261 -16.1784
2262 -15.9842
2263 -12.1379
2264 -16.281
2265 -16.2075
2266 -18.197
2267 -15.2418
2268 -14.8765
2269 -16.9734
2270 -15.6546
2271 -12.847
2272 -14.3348
2273 -15.3539
2274 -15.3528
2275 -16.4064
2276 -14.8264
2277 -18.5612
2278 -17.4695
2279 -17.0717
2280 -13.8807
2281 -16.9813
2282 -14.8779
2283 -17.4431
2284 -16.8704
2285 -14.9363
2286 -16.1645
2287 -16.8781
2288 -15.4218
2289 -12.0987
2290 -15.1956
2291 -14.0052
2292 -15.9034
2293 -17.3169
2294 -16.1023
2295 -16.5224
2296 -15.3231
2297 -13.1436
2298 -17.6962
2299 -14.1914
2300 -15.9295
2301 -11.3595
2302 -15.5464
2303 -17.5624
2304 -15.7364
2305 -13.3797
2306 -15.9105
2307 -16.1485
2308 -16.6053
2309 -15.1655
2310 -14.5648
2311 -17.3611
2312 -12.655
2313 -17.1151
2314 -15.2165
2315 -16.8614
2316 -17.0624
2317 -15.4784
2318 -16.5489
2319 -13.8516
2320 -14.6501
2321 -14.8811
2322 -16.5808
2323 -16.9786
2324 -16.2628
2325 -17.6911
2326 -16.8075
2327 -14.2313
2328 -16.1922
2329 -16.6181
2330 -13.625
2331 -15.9352
2332 -13.0499
2333 -16.1862
2334 -16.8317
2335 -17.6283
2336 -16.3105
2337 -15.5299
2338 -16.4379
2339 -18.3147
2340 -16.244
2341 -17.9124
2342 -17.3091
2343 -18.0117
2344 -15.8143
2345 -17.1194
2346 -14.7692
2347 -14.3509
2348 -12.3137
2349 -14.4173
2350 -15.3219
2351 -15.4863
2352 -9.89808
2353 -15.581
2354 -17.1413
2355 -14.2974
2356 -16.5831
2357 -15.5908
2358 -16.2213
2359 -14.9132
2360 -17.9473
2361 -15.7545
2362 -16.2965
2363 -16.9172
2364 -15.5077
2365 -15.9468
2366 -17.6451
2367 -16.1555
2368 -16.0061
2369 -13.4363
2370 -16.9578
2371 -15.8064
2372 -16.8713
2373 -15.382
2374 -15.8599
2375 -16.767
2376 -15.5156
2377 -16.2331
2378 -15.8986
2379 -14.7469
2380 -15.7203
2381 -15.6864
2382 -14.2642
2383 -17.5598
2384 -15.6877
2385 -14.4245
2386 -16.1232
2387 -13.6955
2388 -16.4619
2389 -16.0672
2390 -16.4522
2391 -15.7075
2392 -15.4838
2393 -17.0201
2394 -11.269
2395 -17.6964
2396 -16.3483
2397 -16.7993
2398 -14.3129
2399 -14.826
2400 -15.8496
2401 -15.6853
2402 -16.0909
2403 -13.9328
2404 -14.1368
2405 -17.2263
2406 -15.9131
2407 -15.9382
2408 -16.7471
2409 -15.825
2410 -17.0468
2411 -16.1956
2412 -13.4541
2413 -17.7103
2414 -8.10086
2415 -13.8514
2416 -16.8283
2417 -16.4793
2418 -16.3231
2419 -16.4212
2420 -17.0033
2421 -17.2711
2422 -17.2016
2423 -13.7421
2424 -15.2588
2425 -8.43528
2426 -17.7671
2427 -15.8995
2428 -11.4892
2429 -16.9426
2430 -16.6325
2431 -15.8386
2432 -10.2989
2433 -16.335
2434 -15.8829
2435 -16.7154
2436 -18.0113
2437 -15.5516
2438 -17.283
2439 -16.5369
2440 -14.8255
2441 -17.3817
2442 -15.3408
2443 -14.8365
2444 -14.1025
2445 -17.3886
2446 -13.7223
2447 -17.2307
2448 -15.3968
2449 -17.6274
2450 -15.5238
2451 -16.1168
2452 -14.4816
2453 -16.251
2454 -15.7247
2455 -15.8507
2456 -13.2293
2457 -16.4687
2458 -16.9402
2459 -17.3645
2460 -16.3381
2461 -13.4342
2462 -16.8283
2463 -17.1429
2464 -16.4375
2465 -14.4224
2466 -16.8414
2467 -16.3298
2468 -16.5536
2469 -17.2806
2470 -11.7243
2471 -18.3802
2472 -16.5016
2473 -13.0515
2474 -16.9012
2475 -16.6497
2476 -9.76062
2477 -13.1564
2478 -15.9736
2479 -17.2523
2480 -16.3123
2481 -14.6346
2482 -15.4197
2483 -14.8967
2484 -14.6384
2485 -15.8852
2486 -15.2222
2487 -13.7974
2488 -15.7845
2489 -15.8236
2490 -16.4686
2491 -14.3173
2492 -16.7372
2493 -16.211
2494 -14.5967
2495 -15.9354
2496 -17.1231
2497 -13.8462
2498 -14.6442
2499 -16.4874
2500 -17.3266
2501 -16.1947
2502 -15.5419
2503 -10.2192
2504 -15.7563
2505 -13.3492
2506 -15.5879
2507 -11.7191
2508 -16.645
2509 -17.0736
2510 -16.476
2511 -14.3106
2512 -15.01
2513 -16.4326
2514 -16.6135
2515 -14.3123
2516 -13.4612
2517 -16.9706
2518 -12.0926
2519 -12.6615
2520 -16.597
2521 -15.574
2522 -15.1835
2523 -15.8595
2524 -15.6007
2525 -13.2271
2526 -14.6538
2527 -17.3698
2528 -17.3302
2529 -15.7937
2530 -14.7329
2531 -15.9127
2532 -16.2568
2533 -16.4465
2534 -14.893
2535 -16.1111
2536 -12.1998
2537 -12.0697
2538 -17.0719
2539 -15.2577
2540 -15.8245
2541 -15.6802
2542 -13.4975
2543 -13.4987
2544 -15.9255
2545 -15.509
2546 -17.2005
2547 -15.1762
2548 -14.9772
2549 -16.3171
2550 -15.6084
2551 -15.4036
2552 -17.9689
2553 -14.2204
2554 -16.7823
2555 -15.5642
2556 -14.9217
2557 -16.9963
2558 -15.5222
2559 -16.2446
2560 -17.1797
2561 -15.7376
2562 -16.5719
2563 -15.6488
2564 -15.2298
2565 -14.3062
2566 -16.0058
2567 -16.2116
2568 -16.0459
2569 -15.4197
2570 -16.399
2571 -16.7386
2572 -14.2686
2573 -16.6943
2574 -13.9859
2575 -13.2294
2576 -14.4835
2577 -17.3755
2578 -17.388
2579 -16.8149
2580 -16.3591
2581 -16.5118
2582 -14.2324
2583 -15.2834
2584 -13.3993
2585 -15.1617
2586 -15.7298
2587 -14.0293
2588 -14.3834
2589 -15.9744
2590 -14.9966
2591 -11.484
2592 -17.3418
2593 -17.5762
2594 -14.204
2595 -13.7545
2596 -16.0906
2597 -17.1278
2598 -12.3118
2599 -16.9419
2600 -14.7256
2601 -16.2483
2602 -17.551
2603 -15.9148
2604 -16.0649
2605 -16.2906
2606 -15.2383
2607 -18.3651
2608 -17.1212
2609 -17.2463
2610 -14.2396
2611 -15.1885
2612 -15.7341
2613 -15.9127
2614 -13.0279
2615 -18.3201
2616 -15.5471
2617 -15.5434
2618 -16.2798
2619 -16.4199
2620 -16.0271
2621 -16.8003
2622 -15.2073
2623 -16.321
2624 -16.15
2625 -16.3619
2626 -16.9188
2627 -16.0083
2628 -18.2633
2629 -16.2839
2630 -15.8761
2631 -15.5879
2632 -16.0056
2633 -13.8474
2634 -13.5139
2635 -15.3413
2636 -16.805
2637 -16.5813
2638 -17.313
2639 -16.6209
2640 -15.6978
2641 -15.5548
2642 -13.8673
2643 -16.1778
2644 -13.5055
2645 -16.8857
2646 -16.9234
2647 -15.9424
2648 -14.168
2649 -16.1453
2650 -16.4896
2651 -15.6369
2652 -16.8131
2653 -15.8731
2654 -16.8478
2655 -17.0727
2656 -15.8481
2657 -15.7776
2658 -15.3415
2659 -14.7369
2660 -17.1814
2661 -16.005
2662 -16.0303
2663 -15.9669
2664 -17.5467
2665 -15.4998
2666 -16.7883
2667 -15.6523
2668 -13.3516
2669 -15.4687
2670 -16.7847
2671 -16.1347
2672 -14.4844
2673 -13.9301
2674 -15.0813
2675 -16.8716
2676 -15.9755
2677 -16.122
2678 -13.1829
2679 -16.3256
2680 -13.8563
2681 -16.792
2682 -16.3704
2683 -17.9252
2684 -16.0183
2685 -12.0848
2686 -14.7768
2687 -14.9061
2688 -16.6168
2689 -14.9405
2690 -16.2862
2691 -15.3987
2692 -16.074
2693 -14.9894
2694 -15.4179
2695 -16.1671
2696 -16.1779
2697 -17.5681
2698 -15.477
2699 -12.7204
2700 -17.0368
2701 -16.7358
2702 -14.7063
2703 -16.3419
2704 -10.6531
2705 -15.4117
2706 -16.7334
2707 -16.9477
2708 -14.8917
2709 -14.6168
2710 -15.7029
2711 -14.2544
2712 -17.4503
2713 -11.3667
2714 -15.3317
2715 -14.6911
2716 -13.8447
2717 -12.9147
2718 -14.4155
2719 -15.5779
2720 -16.0558
2721 -14.8834
2722 -12.2819
2723 -17.4085
2724 -16.7511
2725 -14.6107
2726 -14.1068
2727 -15.4979
2728 -16.6817
2729 -17.3061
2730 -16.0909
2731 -16.1738
2732 -14.293
2733 -16.7765
2734 -14.6496
2735 -15.9865
2736 -11.9642
2737 -15.5674
2738 -17.3251
2739 -13.2721
2740 -17.2065
2741 -16.0888
2742 -17.2205
2743 -16.0148
2744 -13.0048
2745 -16.1016
2746 -15.6991
2747 -15.6885
2748 -15.0906
2749 -17.6088
2750 -16.8591
2751 -15.3856
2752 -13.7964
2753 -17.6151
2754 -17.6726
2755 -16.3176
2756 -14.4266
2757 -15.205
2758 -14.5247
2759 -16.0599
2760 -15.3883
2761 -16.2799
2762 -16.2261
2763 -14.9259
2764 -11.175
2765 -16.5342
2766 -13.9226
2767 -15.6887
2768 -14.1686
2769 -11.3468
2770 -16.4689
2771 -16.0277
2772 -15.437
2773 -17.1964
2774 -16.7539
2775 -17.4845
2776 -16.232
2777 -15.5626
2778 -14.8319
2779 -14.982
2780 -15.3169
2781 -15.2964
2782 -16.3006
2783 -14.8612
2784 -14.6445
2785 -14.8145
2786 -14.7522
2787 -16.5246
2788 -15.4858
2789 -14.4043
2790 -15.0518
2791 -16.0972
2792 -15.1672
2793 -12.996
2794 -16.0607
2795 -14.6046
2796 -16.5278
2797 -10.2154
2798 -16.0687
2799 -14.5371
2800 -16.3306
2801 -16.8827
2802 -17.0783
2803 -14.8165
2804 -14.8603
2805 -17.6232
2806 -16.1579
2807 -16.5451
2808 -17.2508
2809 -14.2919
2810 -12.9914
2811 -15.7487
2812 -17.0122
2813 -13.1412
2814 -16.6159
2815 -15.1496
2816 -15.7419
2817 -16.0175
2818 -13.7804
2819 -12.2802
2820 -13.4257
2821 -12.2931
2822 -13.2158
2823 -17.5859
2824 -15.6964
2825 -18.3412
2826 -14.4878
2827 -14.2692
2828 -16.0288
2829 -16.4281
2830 -13.3363
2831 -15.0501
2832 -17.0674
2833 -18.1089
2834 -17.043
2835 -13.05
2836 -15.1249
2837 -12.0976
2838 -16.4933
2839 -16.4531
2840 -15.8936
2841 -12.1565
2842 -16.5185
2843 -15.396
2844 -15.151
2845 -16.5766
2846 -14.2644
2847 -15.3179
2848 -14.3327
2849 -15.0518
2850 -16.6949
2851 -15.3098
2852 -13.9167
2853 -16.0612
2854 -15.5268
2855 -14.0842
2856 -11.8961
2857 -14.8081
2858 -14.6344
2859 -17.0353
2860 -16.8319
2861 -14.5892
2862 -16.0625
2863 -13.0741
2864 -15.9188
2865 -14.1655
2866 -16.4386
2867 -14.9701
2868 -12.803
2869 -16.4456
2870 -15.8694
2871 -15.1015
2872 -15.563
2873 -15.5008
2874 -15.2225
2875 -16.7232
2876 -13.2879
2877 -15.2517
2878 -15.0238
2879 -15.5575
2880 -15.3872
2881 -17.7018
2882 -15.8073
2883 -16.7099
2884 -16.2243
2885 -15.8442
2886 -15.4982
2887 -15.8883
2888 -16.5398
2889 -16.3808
2890 -12.9757
2891 -15.8285
2892 -14.7
2893 -15.4185
2894 -14.6736
2895 -14.9818
2896 -12.8917
2897 -16.021
2898 -16.971
2899 -12.443
2900 -17.1669
2901 -11.53
2902 -16.8094
2903 -13.527
2904 -18.0231
2905 -16.38
2906 -14.7475
2907 -16.3837
2908 -17.6024
2909 -13.2716
2910 -15.7347
2911 -15.3681
2912 -16.2472
2913 -16.2181
2914 -10.3827
2915 -14.5873
2916 -14.4024
2917 -15.2246
2918 -16.1311
2919 -14.2515
2920 -16.6417
2921 -17.145
2922 -16.5691
2923 -17.1756
2924 -13.9702
2925 -16.435
2926 -15.5281
2927 -16.6419
2928 -15.406
2929 -12.5591
2930 -17.1448
2931 -15.1122
2932 -16.4342
2933 -14.598
2934 -17.508
2935 -17.6636
2936 -16.1398
2937 -13.1572
2938 -12.0721
2939 -13.0758
2940 -16.6978
2941 -15.7048
2942 -15.6301
2943 -15.4645
2944 -12.9185
2945 -15.4756
2946 -17.6009
2947 -14.5773
2948 -15.7849
2949 -14.6019
2950 -16.3463
2951 -12.5647
2952 -15.4239
2953 -13.7329
2954 -16.4545
2955 -14.6177
2956 -14.7979
2957 -17.0685
2958 -13.8991
2959 -14.3789
2960 -13.8935
2961 -12.9837
2962 -14.9908
2963 -15.4121
2964 -15.0353
2965 -14.9517
2966 -16.5302
2967 -13.6801
2968 -10.8902
2969 -15.9446
2970 -16.3088
2971 -16.6797
2972 -14.4226
2973 -14.7678
2974 -15.503
2975 -15.011
2976 -15.2875
2977 -14.181
2978 -15.7626
2979 -16.504
2980 -15.2444
2981 -16.4763
2982 -17.6049
2983 -16.3325
2984 -14.5838
2985 -17.0259
2986 -13.8029
2987 -15.7124
2988 -14.0882
2989 -14.8272
2990 -13.7419
2991 -16.7301
2992 -15.1865
2993 -15.8449
2994 -16.4524
2995 -17.3422
2996 -11.8526
2997 -13.3503
2998 -14.5199
2999 -16.8663
